32,31,32,31,4
\
\
32,31,32,48,32,62,32,62,32,31,4
32,31,32,48,32,62,32,62,32,31,4
32,31,32,31,4
\
\
32,31,32,62,32,62,32,63,32,31,4
32,31,32,62,32,62,32,63,32,31,4
32,31,32,31,4
\
\
\
\
\
\
32,31,32,62,32,63,32,31,4
32,31,32,62,32,63,32,62,32,31,4
32,31,32,62,32,31,4
32,31,32,31,4
\
\
\
\
\
\
\
32,31,32,61,32,63,32,63,32,62,32,31,4
32,31,32,61,32,63,32,63,32,62,32,31,4
32,31,32,31,4
\
\
\
\
\
\
32,31,32,62,32,62,32,62,32,62,32,31,4
32,31,32,62,32,62,32,62,32,62,32,31,4
32,31,32,31,4
\
\
\
\
\
\
\
\
\
32,31,32,62,32,62,32,62,32,31,4
32,31,32,62,32,62,32,62,32,31,4
32,31,32,31,4
\
\
\
\
\
\
32,31,32,62,32,62,32,31,4
32,31,32,62,32,62,32,63,32,31,4
32,31,32,63,32,31,4
32,31,32,31,4
\
\
\
\
\
\
\
32,31,32,52,32,63,32,62,32,57,32,31,4
32,31,32,52,32,63,32,62,32,57,32,31,4
32,31,32,31,4
\
\
\
\
\
32,31,32,60,32,62,32,62,32,31,4
32,31,32,60,32,62,32,62,32,31,4
32,31,32,31,4
\
\
\
\
32,31,32,62,32,31,4
32,31,32,62,32,62,32,62,32,31,4
32,31,32,62,32,62,32,31,4
32,31,32,31,4
\
\
\
\
\
32,31,32,33,32,63,32,31,4
32,31,32,33,32,63,32,63,32,62,32,31,4
32,31,32,63,32,62,32,31,4
32,31,32,31,4
\
\
\
\
\
\
32,31,32,62,32,63,32,62,32,31,4
32,31,32,62,32,63,32,62,32,31,4
32,31,32,31,4
\
\
\
\
\
32,31,32,58,32,62,32,62,32,31,4
32,31,32,58,32,62,32,62,32,31,4
32,31,32,31,4
\
\
\
\
32,31,32,63,32,62,32,62,32,31,4
32,31,32,63,32,62,32,62,32,31,4
32,31,32,31,4
\
\
\
\
\
32,31,32,62,32,62,32,62,32,31,4
32,31,32,62,32,62,32,62,32,31,4
32,31,32,31,4
\
\
\
\
\
\
32,31,32,48,32,62,32,62,32,62,32,31,4
32,31,32,48,32,62,32,62,32,62,32,31,4
32,31,32,31,4
\
\
\
\
\
\
32,31,32,60,32,62,32,62,32,63,32,31,4
32,31,32,60,32,62,32,62,32,63,32,31,4
32,31,32,31,4
\
\
\
\
\
\
32,31,32,62,32,63,32,62,32,62,32,31,4
32,31,32,62,32,63,32,62,32,62,32,31,4
32,31,32,31,4
\
\
32,31,32,63,32,62,32,31,4
32,31,32,63,32,62,32,62,32,31,4
32,31,32,62,32,31,4
32,31,32,31,4
\
\
\
32,31,32,37,32,63,32,63,32,63,32,31,4
32,31,32,37,32,63,32,63,32,63,32,63,32,62,32,62,32,31,4
32,31,32,63,32,62,32,62,32,31,4
32,31,32,31,4
\
\
\
\
\
\
\
32,31,32,47,32,62,32,62,32,62,32,31,4
32,31,32,47,32,62,32,62,32,62,32,63,32,31,4
32,31,32,63,32,31,4
32,31,32,31,4
\
\
\
\
\
\
32,31,32,52,32,62,32,62,32,31,4
32,31,32,52,32,62,32,62,32,63,32,31,4
32,31,32,63,32,31,4
32,31,32,31,4
\
\
\
32,31,32,63,32,62,32,62,32,39,32,31,4
32,31,32,63,32,62,32,62,32,39,32,31,4
32,31,32,31,4
\
\
\
\
\
32,31,32,62,32,62,32,62,32,31,4
32,31,32,62,32,62,32,62,32,31,4
32,31,32,31,4
\
\
\
32,31,32,53,32,31,4
32,31,32,53,32,62,32,63,32,31,4
32,31,32,62,32,63,32,31,4
32,31,32,31,4
\
\
32,31,32,62,32,62,32,31,4
32,31,32,62,32,62,32,62,32,31,4
32,31,32,62,32,31,4
32,31,32,31,4
\
\
\
\
\
32,31,32,62,32,62,32,63,32,31,4
32,31,32,62,32,62,32,63,32,31,4
32,31,32,31,4
\
\
\
\
\
\
32,31,32,62,32,31,4
32,31,32,62,32,62,32,62,32,31,4
32,31,32,62,32,62,32,31,4
32,31,32,31,4
\
\
\
\
32,31,32,35,32,62,32,62,32,63,32,31,4
32,31,32,35,32,62,32,62,32,63,32,31,4
32,31,32,31,4
\
\
\
\
\
32,31,32,60,32,62,32,62,32,31,4
32,31,32,60,32,62,32,62,32,31,4
32,31,32,31,4
\
\
\
\
\
\
\
\
32,31,32,62,32,63,32,62,32,31,4
32,31,32,62,32,63,32,62,32,31,4
32,31,32,31,4
\
\
\
\
\
32,31,32,37,32,31,4
32,31,32,37,32,62,32,62,32,31,4
32,31,32,62,32,62,32,31,4
32,31,32,31,4
\
\
\
\
32,31,32,46,32,62,32,62,32,31,4
32,31,32,46,32,62,32,62,32,31,4
32,31,32,31,4
\
\
\
\
\
\
\
32,31,32,62,32,62,32,31,4
32,31,32,62,32,62,32,63,32,51,32,31,4
32,31,32,63,32,51,32,31,4
32,31,32,31,4
\
\
\
\
\
\
\
32,31,32,62,32,62,32,31,4
32,31,32,62,32,62,32,33,32,31,4
32,31,32,33,32,31,4
32,31,32,31,4
\
\
\
\
\
32,31,32,62,32,62,32,63,32,31,4
32,31,32,62,32,62,32,63,32,31,4
32,31,32,31,4
\
\
\
32,31,32,63,32,31,4
32,31,32,63,32,31,4
32,31,32,31,4
\
\
\
\
\
32,31,32,62,32,62,32,62,32,62,32,31,4
32,31,32,62,32,62,32,62,32,62,32,31,4
32,31,32,31,4
\
\
\
\
\
\
32,31,32,62,32,62,32,62,32,31,4
32,31,32,62,32,62,32,62,32,31,4
32,31,32,31,4
\
\
\
\
\
32,31,32,62,32,62,32,62,32,31,4
32,31,32,62,32,62,32,62,32,31,4
32,31,32,31,4
\
\
\
\
32,31,32,62,32,62,32,62,32,31,4
32,31,32,62,32,62,32,62,32,31,4
32,31,32,31,4
\
\
\
\
\
32,31,32,38,32,31,4
32,31,32,38,32,62,32,62,32,31,4
32,31,32,62,32,62,32,31,4
32,31,32,31,4
\
\
\
\
32,31,32,62,32,62,32,63,32,31,4
32,31,32,62,32,62,32,63,32,31,4
32,31,32,31,4
\
\
\
32,31,32,62,32,62,32,31,4
32,31,32,62,32,62,32,36,32,31,4
32,31,32,36,32,31,4
32,31,32,31,4
\
\
\
\
\
32,31,32,46,32,31,4
32,31,32,46,32,53,32,62,32,62,32,63,32,31,4
32,31,32,53,32,62,32,62,32,63,32,31,4
32,31,32,31,4
\
\
\
\
32,31,32,45,32,63,32,63,32,62,32,31,4
32,31,32,45,32,63,32,63,32,62,32,31,4
32,31,32,31,4
\
\
\
\
\
\
32,31,32,49,32,62,32,62,32,63,32,63,32,31,4
32,31,32,49,32,62,32,62,32,63,32,63,32,31,4
32,31,32,31,4
\
\
\
\
\
\
\
32,31,32,52,32,62,32,62,32,62,32,31,4
32,31,32,52,32,62,32,62,32,62,32,31,4
32,31,32,31,4
\
\
\
\
\
\
\
\
32,31,32,57,32,63,32,62,32,62,32,31,4
32,31,32,57,32,63,32,62,32,62,32,31,4
32,31,32,31,4
\
\
\
\
\
\
\
\
\
\
32,31,32,62,32,62,32,62,32,31,4
32,31,32,62,32,62,32,62,32,31,4
32,31,32,31,4
\
\
\
\
\
32,31,32,40,32,31,4
32,31,32,40,32,62,32,62,32,62,32,62,32,39,32,31,4
32,31,32,62,32,62,32,62,32,62,32,39,32,31,4
32,31,32,31,4
\
\
\
32,31,32,62,32,31,4
32,31,32,62,32,62,32,62,32,63,32,31,4
32,31,32,62,32,62,32,63,32,31,4
32,31,32,31,4
\
\
\
\
\
\
\
\
\
\
\
32,31,32,52,32,62,32,62,32,62,32,52,32,31,4
32,31,32,52,32,62,32,62,32,62,32,52,32,31,4
32,31,32,31,4
\
\
\
\
\
\
\
\
\
\
32,31,32,38,32,62,32,62,32,63,32,62,32,51,32,31,4
32,31,32,38,32,62,32,62,32,63,32,62,32,51,32,31,4
32,31,32,31,4
\
\
\
\
\
\
\
32,31,32,47,32,31,4
32,31,32,47,32,48,32,62,32,62,32,62,32,63,32,63,32,31,4
32,31,32,48,32,62,32,62,32,62,32,63,32,63,32,62,32,38,32,31,4
32,31,32,62,32,38,32,31,4
32,31,32,31,4
\
\
\
\
\
\
\
\
32,31,32,32,32,39,32,31,4
32,31,32,32,32,39,32,62,32,62,32,62,32,62,32,62,32,43,32,31,4
32,31,32,62,32,62,32,62,32,62,32,62,32,43,32,31,4
32,31,32,31,4
\
\
\
\
\
\
\
\
\
\
\
\
\
\
32,31,32,32,32,32,32,62,32,62,32,62,32,31,4
32,31,32,32,32,32,32,62,32,62,32,62,32,62,32,31,4
32,31,32,62,32,31,4
32,31,32,31,4
\
\
\
\
\
\
\
\
32,31,32,47,32,62,32,62,32,62,32,31,4
32,31,32,47,32,62,32,62,32,62,32,31,4
32,31,32,31,4
\
\
\
\
\
\
\
\
\
\
\
32,31,32,62,32,62,32,31,4
32,31,32,62,32,62,32,62,32,63,32,31,4
32,31,32,62,32,63,32,31,4
32,31,32,31,4
\
\
\
\
\
\
\
\
\
\
\
\
\
32,31,32,62,32,62,32,31,4
32,31,32,62,32,62,32,62,32,63,32,57,32,31,4
32,31,32,62,32,63,32,57,32,31,4
32,31,32,31,4
\
\
\
\
\
\
\
\
\
\
\
\
32,31,32,62,32,31,4
32,31,32,62,32,62,32,63,32,62,32,31,4
32,31,32,62,32,63,32,62,32,31,4
32,31,32,31,4
\
\
\
\
\
\
\
\
32,31,32,46,32,52,32,62,32,31,4
32,31,32,46,32,52,32,62,32,62,32,62,32,62,32,63,32,31,4
32,31,32,62,32,62,32,62,32,63,32,31,4
32,31,32,31,4
\
\
\
\
\
\
32,31,32,63,32,62,32,62,32,31,4
32,31,32,63,32,62,32,62,32,62,32,62,32,31,4
32,31,32,62,32,62,32,31,4
32,31,32,31,4
\
\
\
\
\
\
32,31,32,33,32,60,32,62,32,62,32,62,32,31,4
32,31,32,33,32,60,32,62,32,62,32,62,32,62,32,40,32,31,4
32,31,32,62,32,40,32,31,4
32,31,32,31,4
\
\
\
\
\
32,31,32,62,32,62,32,62,32,31,4
32,31,32,62,32,62,32,62,32,31,4
32,31,32,31,4
\
\
\
\
\
\
\
32,31,32,62,32,63,32,31,4
32,31,32,62,32,63,32,62,32,62,32,63,32,62,32,31,4
32,31,32,62,32,62,32,63,32,62,32,31,4
32,31,32,31,4
\
\
\
\
\
\
\
32,31,32,60,32,62,32,31,4
32,31,32,60,32,62,32,62,32,62,32,62,32,63,32,31,4
32,31,32,62,32,62,32,62,32,63,32,31,4
32,31,32,31,4
\
\
\
\
\
32,31,32,62,32,62,32,62,32,31,4
32,31,32,62,32,62,32,62,32,31,4
32,31,32,31,4
\
\
\
\
\
\
32,31,32,62,32,31,4
32,31,32,62,32,63,32,63,32,63,32,62,32,63,32,31,4
32,31,32,63,32,63,32,63,32,62,32,63,32,31,4
32,31,32,31,4
\
\
\
\
\
\
\
\
\
\
32,31,32,52,32,62,32,62,32,31,4
32,31,32,52,32,62,32,62,32,62,32,31,4
32,31,32,62,32,31,4
32,31,32,31,4
\
\
\
\
\
\
\
\
\
32,31,32,62,32,62,32,62,32,31,4
32,31,32,62,32,62,32,62,32,31,4
32,31,32,31,4
\
\
\
\
\
\
\
\
\
\
32,31,32,44,32,62,32,62,32,31,4
32,31,32,44,32,62,32,62,32,62,32,63,32,62,32,31,4
32,31,32,62,32,63,32,62,32,31,4
32,31,32,31,4
\
\
\
\
\
\
\
\
\
32,31,32,38,32,56,32,62,32,62,32,62,32,31,4
32,31,32,38,32,56,32,62,32,62,32,62,32,31,4
32,31,32,31,4
\
\
\
\
\
\
\
32,31,32,41,32,62,32,62,32,31,4
32,31,32,41,32,62,32,62,32,62,32,31,4
32,31,32,62,32,31,4
32,31,32,31,4
\
\
\
\
\
\
\
\
\
32,31,32,44,32,31,4
32,31,32,44,32,60,32,62,32,62,32,48,32,31,4
32,31,32,60,32,62,32,62,32,48,32,31,4
32,31,32,31,4
\
\
\
\
\
\
\
\
\
32,31,32,62,32,62,32,62,32,62,32,31,4
32,31,32,62,32,62,32,62,32,62,32,31,4
32,31,32,31,4
\
\
\
\
\
\
\
32,31,32,63,32,62,32,31,4
32,31,32,63,32,62,32,62,32,62,32,31,4
32,31,32,62,32,62,32,31,4
32,31,32,31,4
\
\
\
\
\
\
\
\
\
32,31,32,32,32,62,32,62,32,31,4
32,31,32,32,32,62,32,62,32,62,32,31,4
32,31,32,62,32,31,4
32,31,32,31,4
\
\
\
\
\
\
\
\
\
32,31,32,52,32,31,4
32,31,32,52,32,63,32,62,32,63,32,62,32,31,4
32,31,32,63,32,62,32,63,32,62,32,31,4
32,31,32,31,4
\
\
\
\
\
\
\
32,31,32,62,32,62,32,62,32,31,4
32,31,32,62,32,62,32,62,32,31,4
32,31,32,31,4
\
\
\
\
\
\
\
\
\
32,31,32,63,32,62,32,31,4
32,31,32,63,32,62,32,62,32,62,32,62,32,63,32,62,32,31,4
32,31,32,62,32,62,32,62,32,63,32,62,32,31,4
32,31,32,31,4
\
\
\
\
\
\
\
\
\
\
32,31,32,62,32,31,4
32,31,32,62,32,63,32,62,32,63,32,32,32,31,4
32,31,32,63,32,62,32,63,32,32,32,31,4
32,31,32,31,4
\
\
\
\
\
\
\
\
\
\
\
32,31,32,57,32,31,4
32,31,32,57,32,62,32,63,32,31,4
32,31,32,62,32,63,32,31,4
32,31,32,31,4
\
\
\
\
\
32,31,32,41,32,62,32,62,32,62,32,31,4
32,31,32,41,32,62,32,62,32,62,32,31,4
32,31,32,31,4
\
\
\
\
\
\
\
32,31,32,35,32,62,32,62,32,62,32,31,4
32,31,32,35,32,62,32,62,32,62,32,31,4
32,31,32,31,4
\
\
\
\
\
\
\
32,31,32,44,32,31,4
32,31,32,44,32,62,32,62,32,62,32,63,32,31,4
32,31,32,62,32,62,32,62,32,63,32,31,4
32,31,32,31,4
\
\
\
\
\
\
\
\
\
32,31,32,40,32,62,32,31,4
32,31,32,40,32,62,32,63,32,63,32,31,4
32,31,32,63,32,63,32,31,4
32,31,32,31,4
\
\
\
\
\
\
\
\
\
32,31,32,48,32,63,32,62,32,63,32,31,4
32,31,32,48,32,63,32,62,32,63,32,31,4
32,31,32,31,4
\
\
\
\
\
\
\
32,31,32,62,32,62,32,62,32,31,4
32,31,32,62,32,62,32,62,32,31,4
32,31,32,31,4
\
\
\
32,31,32,63,32,62,32,31,4
32,31,32,63,32,62,32,58,32,31,4
32,31,32,58,32,31,4
32,31,32,31,4
\
\
\
\
\
\
32,31,32,62,32,62,32,62,32,31,4
32,31,32,62,32,62,32,62,32,34,32,31,4
32,31,32,34,32,31,4
32,31,32,31,4
\
\
\
\
\
\
32,31,32,48,32,31,4
32,31,32,48,32,62,32,62,32,63,32,62,32,31,4
32,31,32,62,32,62,32,63,32,62,32,31,4
32,31,32,31,4
\
\
\
\
\
\
\
\
32,31,32,41,32,62,32,31,4
32,31,32,41,32,62,32,62,32,62,32,31,4
32,31,32,62,32,62,32,31,4
32,31,32,31,4
\
\
\
\
\
\
\
\
32,31,32,35,32,62,32,62,32,62,32,31,4
32,31,32,35,32,62,32,62,32,62,32,31,4
32,31,32,31,4
\
\
\
\
\
\
32,31,32,62,32,31,4
32,31,32,62,32,63,32,62,32,31,4
32,31,32,63,32,62,32,31,4
32,31,32,31,4
\
\
\
\
\
32,31,32,62,32,62,32,62,32,31,4
32,31,32,62,32,62,32,62,32,31,4
32,31,32,31,4
\
\
\
\
\
\
\
\
32,31,32,39,32,62,32,62,32,62,32,62,32,45,32,31,4
32,31,32,39,32,62,32,62,32,62,32,62,32,45,32,31,4
32,31,32,31,4
\
\
\
\
\
\
\
\
\
\
\
32,31,32,37,32,62,32,62,32,62,32,63,32,31,4
32,31,32,37,32,62,32,62,32,62,32,63,32,31,4
32,31,32,31,4
\
\
\
\
\
\
32,31,32,43,32,63,32,62,32,31,4
32,31,32,43,32,63,32,62,32,62,32,31,4
32,31,32,62,32,31,4
32,31,32,31,4
\
\
\
\
\
\
\
32,31,32,57,32,31,4
32,31,32,57,32,62,32,63,32,62,32,62,32,62,32,62,32,31,4
32,31,32,62,32,63,32,62,32,62,32,62,32,62,32,63,32,62,32,36,32,31,4
32,31,32,63,32,62,32,36,32,31,4
32,31,32,31,4
\
\
\
\
\
\
\
\
32,31,32,52,32,63,32,62,32,31,4
32,31,32,52,32,63,32,62,32,62,32,31,4
32,31,32,62,32,31,4
32,31,32,31,4
\
\
\
\
\
\
32,31,32,44,32,63,32,62,32,62,32,31,4
32,31,32,44,32,63,32,62,32,62,32,31,4
32,31,32,31,4
\
\
\
\
\
\
\
\
32,31,32,32,32,31,4
32,31,32,32,32,43,32,62,32,62,32,62,32,62,32,63,32,31,4
32,31,32,43,32,62,32,62,32,62,32,62,32,63,32,31,4
32,31,32,31,4
\
\
\
\
\
\
\
\
\
32,31,32,38,32,40,32,31,4
32,31,32,38,32,40,32,62,32,62,32,62,32,63,32,62,32,31,4
32,31,32,62,32,62,32,62,32,63,32,62,32,31,4
32,31,32,31,4
\
\
\
\
\
\
\
\
\
\
\
\
32,31,32,33,32,33,32,31,4
32,31,32,33,32,33,32,63,32,62,32,62,32,62,32,31,4
32,31,32,63,32,62,32,62,32,62,32,31,4
32,31,32,31,4
\
\
\
\
\
\
\
\
\
\
32,31,32,32,32,59,32,31,4
32,31,32,32,32,59,32,62,32,63,32,62,32,63,32,31,4
32,31,32,62,32,63,32,62,32,63,32,31,4
32,31,32,31,4
\
\
\
\
\
\
\
\
\
\
32,31,32,39,32,45,32,62,32,62,32,31,4
32,31,32,39,32,45,32,62,32,62,32,62,32,62,32,62,32,31,4
32,31,32,62,32,62,32,62,32,31,4
32,31,32,31,4
\
\
\
\
\
\
\
32,31,32,40,32,31,4
32,31,32,40,32,62,32,62,32,62,32,62,32,57,32,31,4
32,31,32,62,32,62,32,62,32,62,32,57,32,31,4
32,31,32,31,4
\
\
\
\
\
\
\
\
\
\
\
32,31,32,62,32,63,32,63,32,31,4
32,31,32,62,32,63,32,63,32,62,32,63,32,31,4
32,31,32,62,32,63,32,31,4
32,31,32,31,4
\
\
\
\
\
\
32,31,32,63,32,31,4
32,31,32,63,32,62,32,62,32,31,4
32,31,32,62,32,62,32,31,4
32,31,32,31,4
\
\
\
\
\
\
\
\
32,31,32,62,32,62,32,62,32,31,4
32,31,32,62,32,62,32,62,32,31,4
32,31,32,31,4
\
\
\
\
\
\
\
\
32,31,32,32,32,47,32,62,32,31,4
32,31,32,32,32,47,32,62,32,62,32,62,32,62,32,63,32,31,4
32,31,32,62,32,62,32,62,32,63,32,31,4
32,31,32,31,4
\
\
\
\
\
\
\
\
32,31,32,43,32,54,32,62,32,31,4
32,31,32,43,32,54,32,62,32,63,32,63,32,62,32,53,32,31,4
32,31,32,63,32,63,32,62,32,53,32,31,4
32,31,32,31,4
\
\
\
\
\
\
\
\
32,31,32,40,32,48,32,31,4
32,31,32,40,32,48,32,62,32,62,32,63,32,62,32,31,4
32,31,32,62,32,62,32,63,32,62,32,31,4
32,31,32,31,4
\
\
\
\
\
\
\
\
32,31,32,62,32,62,32,62,32,31,4
32,31,32,62,32,62,32,62,32,62,32,31,4
32,31,32,62,32,31,4
32,31,32,31,4
\
\
\
\
\
\
\
\
\
\
32,31,32,62,32,62,32,63,32,31,4
32,31,32,62,32,62,32,63,32,31,4
32,31,32,31,4
\
\
\
\
\
32,31,32,62,32,62,32,62,32,31,4
32,31,32,62,32,62,32,62,32,31,4
32,31,32,31,4
\
\
\
\
\
\
\
32,31,32,62,32,31,4
32,31,32,62,32,62,32,62,32,62,32,63,32,31,4
32,31,32,62,32,62,32,62,32,63,32,31,4
32,31,32,31,4
\
\
\
\
\
\
\
\
\
32,31,32,62,32,62,32,63,32,31,4
32,31,32,62,32,62,32,63,32,62,32,63,32,31,4
32,31,32,62,32,63,32,31,4
32,31,32,31,4
\
\
\
\
\
\
\
\
\
32,31,32,60,32,31,4
32,31,32,60,32,62,32,62,32,62,32,62,32,31,4
32,31,32,62,32,62,32,62,32,62,32,31,4
32,31,32,31,4
\
\
\
\
\
\
\
\
\
\
\
\
\
32,31,32,48,32,62,32,62,32,63,32,62,32,31,4
32,31,32,48,32,62,32,62,32,63,32,62,32,62,32,31,4
32,31,32,62,32,31,4
32,31,32,31,4
\
\
\
\
\
\
\
\
\
32,31,32,35,32,31,4
32,31,32,35,32,63,32,62,32,62,32,62,32,31,4
32,31,32,63,32,62,32,62,32,62,32,31,4
32,31,32,31,4
\
\
\
\
\
\
\
32,31,32,62,32,62,32,62,32,62,32,31,4
32,31,32,62,32,62,32,62,32,62,32,31,4
32,31,32,31,4
\
\
\
\
\
32,31,32,63,32,62,32,62,32,31,4
32,31,32,63,32,62,32,62,32,31,4
32,31,32,31,4
\
\
\
\
\
32,31,32,40,32,62,32,62,32,31,4
32,31,32,40,32,62,32,62,32,62,32,63,32,31,4
32,31,32,62,32,63,32,31,4
32,31,32,31,4
\
\
\
\
\
\
\
32,31,32,63,32,62,32,62,32,31,4
32,31,32,63,32,62,32,62,32,31,4
32,31,32,31,4
\
\
\
\
\
\
32,31,32,62,32,62,32,62,32,31,4
32,31,32,62,32,62,32,62,32,31,4
32,31,32,31,4
\
\
\
\
32,31,32,62,32,31,4
32,31,32,62,32,62,32,62,32,62,32,62,32,31,4
32,31,32,62,32,62,32,62,32,62,32,31,4
32,31,32,31,4
\
\
\
\
\
\
32,31,32,62,32,62,32,63,32,62,32,31,4
32,31,32,62,32,62,32,63,32,62,32,31,4
32,31,32,31,4
\
\
\
\
\
32,31,32,35,32,62,32,62,32,31,4
32,31,32,35,32,62,32,62,32,62,32,31,4
32,31,32,62,32,31,4
32,31,32,31,4
\
\
\
\
\
32,31,32,36,32,62,32,62,32,62,32,31,4
32,31,32,36,32,62,32,62,32,62,32,31,4
32,31,32,31,4
\
\
\
32,31,32,48,32,62,32,62,32,62,32,31,4
32,31,32,48,32,62,32,62,32,62,32,62,32,31,4
32,31,32,62,32,31,4
32,31,32,31,4
\
\
\
\
\
32,31,32,51,32,62,32,62,32,62,32,62,32,31,4
32,31,32,51,32,62,32,62,32,62,32,62,32,63,32,62,32,62,32,62,32,62,32,31,4
32,31,32,63,32,62,32,62,32,62,32,62,32,31,4
32,31,32,31,4
\
\
\
\
\
\
\
32,31,32,32,32,63,32,31,4
32,31,32,32,32,63,32,62,32,63,32,31,4
32,31,32,62,32,63,32,31,4
32,31,32,31,4
\
\
\
\
\
\
\
32,31,32,47,32,62,32,63,32,62,32,31,4
32,31,32,47,32,62,32,63,32,62,32,31,4
32,31,32,31,4
\
\
\
\
\
\
32,31,32,38,32,62,32,62,32,62,32,62,32,31,4
32,31,32,38,32,62,32,62,32,62,32,62,32,31,4
32,31,32,31,4
\
\
\
\
32,31,32,61,32,62,32,63,32,62,32,31,4
32,31,32,61,32,62,32,63,32,62,32,62,32,31,4
32,31,32,62,32,31,4
32,31,32,31,4
\
\
\
\
\
\
32,31,32,53,32,31,4
32,31,32,53,32,62,32,62,32,62,32,31,4
32,31,32,62,32,62,32,62,32,31,4
32,31,32,31,4
\
\
\
\
\
32,31,32,52,32,63,32,62,32,62,32,31,4
32,31,32,52,32,63,32,62,32,62,32,31,4
32,31,32,31,4
\
\
\
\
\
\
\
32,31,32,49,32,63,32,62,32,62,32,31,4
32,31,32,49,32,63,32,62,32,62,32,62,32,31,4
32,31,32,62,32,31,4
32,31,32,31,4
\
\
\
\
\
\
32,31,32,53,32,63,32,62,32,62,32,31,4
32,31,32,53,32,63,32,62,32,62,32,62,32,31,4
32,31,32,62,32,31,4
32,31,32,31,4
\
\
\
\
\
\
\
\
\
32,31,32,45,32,62,32,31,4
32,31,32,45,32,62,32,63,32,63,32,63,32,62,32,31,4
32,31,32,63,32,63,32,63,32,62,32,31,4
32,31,32,31,4
\
\
\
\
\
\
\
\
\
32,31,32,44,32,31,4
32,31,32,44,32,47,32,62,32,62,32,62,32,62,32,31,4
32,31,32,47,32,62,32,62,32,62,32,62,32,31,4
32,31,32,31,4
\
\
\
\
\
\
\
\
\
32,31,32,59,32,63,32,62,32,31,4
32,31,32,59,32,63,32,62,32,62,32,62,32,31,4
32,31,32,62,32,62,32,31,4
32,31,32,31,4
\
\
\
\
\
32,31,32,32,32,31,4
32,31,32,32,32,62,32,62,32,63,32,31,4
32,31,32,62,32,62,32,63,32,31,4
32,31,32,31,4
\
\
\
\
32,31,32,62,32,62,32,62,32,31,4
32,31,32,62,32,62,32,62,32,31,4
32,31,32,31,4
\
\
\
\
\
\
32,31,32,62,32,62,32,63,32,31,4
32,31,32,62,32,62,32,63,32,63,32,31,4
32,31,32,63,32,31,4
32,31,32,31,4
\
\
\
\
\
\
\
\
\
\
32,31,32,62,32,63,32,63,32,31,4
32,31,32,62,32,63,32,63,32,62,32,31,4
32,31,32,62,32,31,4
32,31,32,31,4
\
\
\
\
32,31,32,59,32,31,4
32,31,32,59,32,63,32,62,32,62,32,31,4
32,31,32,63,32,62,32,62,32,31,4
32,31,32,31,4
\
\
\
\
\
\
32,31,32,53,32,62,32,62,32,63,32,62,32,31,4
32,31,32,53,32,62,32,62,32,63,32,62,32,31,4
32,31,32,31,4
\
\
\
\
32,31,32,62,32,31,4
32,31,32,62,32,62,32,62,32,31,4
32,31,32,62,32,62,32,31,4
32,31,32,31,4
\
\
\
\
\
\
32,31,32,62,32,62,32,31,4
32,31,32,62,32,62,32,31,4
32,31,32,31,4
\
\
\
\
\
\
\
\
32,31,32,63,32,63,32,62,32,56,32,31,4
32,31,32,63,32,63,32,62,32,56,32,31,4
32,31,32,31,4
\
\
\
\
\
\
32,31,32,38,32,62,32,62,32,31,4
32,31,32,38,32,62,32,62,32,63,32,31,4
32,31,32,63,32,31,4
32,31,32,31,4
\
\
\
\
\
\
\
32,31,32,62,32,63,32,31,4
32,31,32,62,32,63,32,62,32,63,32,31,4
32,31,32,62,32,63,32,31,4
32,31,32,31,4
\
\
\
\
32,31,32,62,32,62,32,62,32,62,32,31,4
32,31,32,62,32,62,32,62,32,62,32,31,4
32,31,32,31,4
\
\
\
\
\
\
\
32,31,32,47,32,63,32,31,4
32,31,32,47,32,63,32,62,32,62,32,31,4
32,31,32,62,32,62,32,31,4
32,31,32,31,4
\
\
\
\
\
32,31,32,63,32,62,32,31,4
32,31,32,63,32,62,32,62,32,63,32,31,4
32,31,32,62,32,63,32,31,4
32,31,32,31,4
\
\
\
\
\
\
32,31,32,62,32,31,4
32,31,32,62,32,62,32,62,32,31,4
32,31,32,62,32,62,32,31,4
32,31,32,31,4
\
\
\
\
\
32,31,32,43,32,63,32,62,32,62,32,31,4
32,31,32,43,32,63,32,62,32,62,32,63,32,31,4
32,31,32,63,32,31,4
32,31,32,31,4
\
\
\
\
\
\
32,31,32,33,32,44,32,31,4
32,31,32,33,32,44,32,62,32,62,32,62,32,62,32,62,32,31,4
32,31,32,62,32,62,32,62,32,62,32,62,32,31,4
32,31,32,31,4
\
\
\
\
\
\
\
\
\
32,31,32,48,32,63,32,62,32,63,32,62,32,31,4
32,31,32,48,32,63,32,62,32,63,32,62,32,31,4
32,31,32,31,4
\
\
\
\
\
\
\
\
\
\
\
\
\
32,31,32,62,32,62,32,63,32,62,32,62,32,62,32,31,4
32,31,32,62,32,62,32,63,32,62,32,62,32,62,32,31,4
32,31,32,31,4
\
\
\
\
\
\
\
\
\
\
32,31,32,43,32,31,4
32,31,32,43,32,62,32,63,32,63,32,62,32,62,32,31,4
32,31,32,62,32,63,32,63,32,62,32,62,32,31,4
32,31,32,31,4
\
\
\
\
\
\
\
32,31,32,59,32,62,32,31,4
32,31,32,59,32,62,32,62,32,62,32,62,32,63,32,31,4
32,31,32,62,32,62,32,62,32,63,32,31,4
32,31,32,31,4
\
\
\
\
\
\
\
\
\
\
32,31,32,62,32,62,32,62,32,31,4
32,31,32,62,32,62,32,62,32,62,32,62,32,63,32,31,4
32,31,32,62,32,62,32,63,32,31,4
32,31,32,31,4
\
\
\
\
\
\
\
\
\
32,31,32,49,32,62,32,31,4
32,31,32,49,32,62,32,62,32,63,32,62,32,31,4
32,31,32,62,32,63,32,62,32,31,4
32,31,32,31,4
\
\
\
\
\
\
\
\
\
32,31,32,59,32,62,32,31,4
32,31,32,59,32,62,32,62,32,62,32,63,32,58,32,31,4
32,31,32,62,32,62,32,63,32,58,32,31,4
32,31,32,31,4
\
\
\
\
\
\
\
\
\
\
32,31,32,54,32,57,32,62,32,31,4
32,31,32,54,32,57,32,62,32,62,32,63,32,62,32,62,32,31,4
32,31,32,62,32,63,32,62,32,62,32,31,4
32,31,32,31,4
\
\
\
\
\
\
\
\
\
32,31,32,59,32,31,4
32,31,32,59,32,63,32,62,32,62,32,62,32,31,4
32,31,32,63,32,62,32,62,32,62,32,31,4
32,31,32,31,4
\
\
\
\
\
\
\
32,31,32,32,32,34,32,62,32,62,32,31,4
32,31,32,32,32,34,32,62,32,62,32,63,32,63,32,31,4
32,31,32,63,32,63,32,31,4
32,31,32,31,4
\
\
\
\
\
\
\
\
\
\
32,31,32,62,32,62,32,62,32,62,32,31,4
32,31,32,62,32,62,32,62,32,62,32,31,4
32,31,32,31,4
\
\
\
\
\
\
\
\
\
32,31,32,32,32,31,4
32,31,32,32,32,62,32,62,32,62,32,62,32,62,32,31,4
32,31,32,62,32,62,32,62,32,62,32,62,32,31,4
32,31,32,31,4
\
\
\
\
\
\
\
\
\
\
\
32,31,32,62,32,62,32,63,32,31,4
32,31,32,62,32,62,32,63,32,62,32,31,4
32,31,32,62,32,31,4
32,31,32,31,4
\
\
\
\
\
\
\
\
\
32,31,32,36,32,62,32,62,32,31,4
32,31,32,36,32,62,32,62,32,62,32,63,32,62,32,31,4
32,31,32,62,32,63,32,62,32,31,4
32,31,32,31,4
\
\
\
\
\
\
\
\
\
32,31,32,42,32,63,32,31,4
32,31,32,42,32,63,32,62,32,63,32,62,32,31,4
32,31,32,62,32,63,32,62,32,31,4
32,31,32,31,4
\
\
\
\
\
\
\
\
32,31,32,32,32,39,32,31,4
32,31,32,32,32,39,32,41,32,62,32,62,32,63,32,63,32,62,32,31,4
32,31,32,41,32,62,32,62,32,63,32,63,32,62,32,62,32,62,32,62,32,62,32,40,32,31,4
32,31,32,62,32,62,32,62,32,62,32,40,32,31,4
32,31,32,31,4
\
\
\
\
\
\
\
\
\
\
32,31,32,36,32,31,4
32,31,32,36,32,62,32,63,32,62,32,62,32,31,4
32,31,32,62,32,63,32,62,32,62,32,31,4
32,31,32,31,4
\
\
\
\
\
\
\
32,31,32,44,32,63,32,62,32,62,32,63,32,62,32,31,4
32,31,32,44,32,63,32,62,32,62,32,63,32,62,32,31,4
32,31,32,31,4
\
\
\
\
\
\
\
\
32,31,32,47,32,57,32,62,32,31,4
32,31,32,47,32,57,32,62,32,62,32,62,32,54,32,31,4
32,31,32,62,32,62,32,54,32,31,4
32,31,32,31,4
\
\
\
\
\
\
\
\
32,31,32,33,32,42,32,62,32,62,32,62,32,31,4
32,31,32,33,32,42,32,62,32,62,32,62,32,62,32,31,4
32,31,32,62,32,31,4
32,31,32,31,4
\
\
\
\
\
\
\
32,31,32,55,32,63,32,62,32,62,32,44,32,31,4
32,31,32,55,32,63,32,62,32,62,32,44,32,31,4
32,31,32,31,4
\
\
\
\
\
\
\
\
32,31,32,38,32,62,32,62,32,62,32,62,32,31,4
32,31,32,38,32,62,32,62,32,62,32,62,32,31,4
32,31,32,31,4
\
\
\
\
\
\
\
\
32,31,32,35,32,52,32,62,32,63,32,62,32,31,4
32,31,32,35,32,52,32,62,32,63,32,62,32,62,32,31,4
32,31,32,62,32,31,4
32,31,32,31,4
\
\
\
\
\
\
\
32,31,32,34,32,62,32,62,32,63,32,31,4
32,31,32,34,32,62,32,62,32,63,32,62,32,62,32,31,4
32,31,32,62,32,62,32,31,4
32,31,32,31,4
\
\
\
\
\
\
32,31,32,58,32,62,32,62,32,62,32,31,4
32,31,32,58,32,62,32,62,32,62,32,31,4
32,31,32,31,4
\
\
\
\
\
\
\
\
32,31,32,33,32,53,32,62,32,31,4
32,31,32,33,32,53,32,62,32,63,32,62,32,31,4
32,31,32,63,32,62,32,31,4
32,31,32,31,4
\
\
\
\
\
\
32,31,32,50,32,31,4
32,31,32,50,32,62,32,62,32,63,32,62,32,31,4
32,31,32,62,32,62,32,63,32,62,32,31,4
32,31,32,31,4
\
\
\
\
\
32,31,32,60,32,62,32,63,32,31,4
32,31,32,60,32,62,32,63,32,63,32,31,4
32,31,32,63,32,31,4
32,31,32,31,4
\
\
\
\
\
\
32,31,32,46,32,62,32,62,32,63,32,31,4
32,31,32,46,32,62,32,62,32,63,32,63,32,31,4
32,31,32,63,32,31,4
32,31,32,31,4
\
\
\
\
\
\
\
\
\
\
32,31,32,41,32,31,4
32,31,32,41,32,62,32,62,32,62,32,62,32,62,32,31,4
32,31,32,62,32,62,32,62,32,62,32,62,32,31,4
32,31,32,31,4
\
\
\
\
\
\
\
\
\
\
32,31,32,52,32,62,32,62,32,63,32,62,32,31,4
32,31,32,52,32,62,32,62,32,63,32,62,32,31,4
32,31,32,31,4
\
\
\
\
\
\
\
\
\
32,31,32,52,32,62,32,62,32,62,32,31,4
32,31,32,52,32,62,32,62,32,62,32,31,4
32,31,32,31,4
\
\
\
\
\
\
\
\
\
\
\
32,31,32,32,32,53,32,31,4
32,31,32,32,32,53,32,62,32,62,32,62,32,62,32,32,32,31,4
32,31,32,62,32,62,32,62,32,62,32,32,32,31,4
32,31,32,31,4
\
\
\
\
\
\
\
\
\
32,31,32,59,32,62,32,62,32,63,32,32,32,31,4
32,31,32,59,32,62,32,62,32,63,32,32,32,31,4
32,31,32,31,4
\
\
\
\
\
\
\
\
\
32,31,32,37,32,62,32,31,4
32,31,32,37,32,62,32,62,32,62,32,63,32,31,4
32,31,32,62,32,62,32,63,32,31,4
32,31,32,31,4
\
\
\
\
\
\
\
\
\
32,31,32,36,32,50,32,62,32,62,32,62,32,63,32,31,4
32,31,32,36,32,50,32,62,32,62,32,62,32,63,32,31,4
32,31,32,31,4
\
\
\
\
\
\
\
\
\
\
32,31,32,62,32,62,32,62,32,62,32,35,32,31,4
32,31,32,62,32,62,32,62,32,62,32,35,32,31,4
32,31,32,31,4
\
\
\
\
\
\
\
32,31,32,47,32,63,32,62,32,63,32,62,32,31,4
32,31,32,47,32,63,32,62,32,63,32,62,32,62,32,31,4
32,31,32,62,32,31,4
32,31,32,31,4
\
\
\
\
\
\
\
\
\
\
32,31,32,46,32,62,32,62,32,62,32,62,32,31,4
32,31,32,46,32,62,32,62,32,62,32,62,32,31,4
32,31,32,31,4
\
\
\
\
\
\
\
\
32,31,32,32,32,47,32,63,32,63,32,62,32,31,4
32,31,32,32,32,47,32,63,32,63,32,62,32,62,32,31,4
32,31,32,62,32,31,4
32,31,32,31,4
\
\
\
\
\
\
\
\
32,31,32,62,32,62,32,62,32,62,32,49,32,31,4
32,31,32,62,32,62,32,62,32,62,32,49,32,31,4
32,31,32,31,4
\
\
\
\
\
\
\
\
32,31,32,62,32,31,4
32,31,32,62,32,62,32,62,32,62,32,31,4
32,31,32,62,32,62,32,62,32,31,4
32,31,32,31,4
\
\
\
\
\
\
\
\
\
32,31,32,44,32,59,32,62,32,62,32,31,4
32,31,32,44,32,59,32,62,32,62,32,62,32,63,32,31,4
32,31,32,62,32,63,32,31,4
32,31,32,31,4
\
\
\
\
\
\
\
\
\
\
\
\
32,31,32,42,32,62,32,62,32,31,4
32,31,32,42,32,62,32,62,32,62,32,62,32,63,32,31,4
32,31,32,62,32,62,32,63,32,31,4
32,31,32,31,4
\
\
\
\
\
\
\
\
\
\
\
32,31,32,32,32,53,32,31,4
32,31,32,32,32,53,32,62,32,62,32,62,32,31,4
32,31,32,62,32,62,32,62,32,31,4
32,31,32,31,4
\
\
\
\
\
\
\
\
32,31,32,34,32,31,4
32,31,32,34,32,62,32,62,32,62,32,62,32,31,4
32,31,32,62,32,62,32,62,32,62,32,31,4
32,31,32,31,4
\
\
\
\
\
\
\
\
32,31,32,32,32,62,32,62,32,63,32,31,4
32,31,32,32,32,62,32,62,32,63,32,31,4
32,31,32,31,4
\
\
\
\
\
32,31,32,62,32,62,32,31,4
32,31,32,62,32,62,32,31,4
32,31,32,31,4
\
\
\
32,31,32,55,32,62,32,63,32,31,4
32,31,32,55,32,62,32,63,32,31,4
32,31,32,31,4
\
\
\
32,31,32,63,32,63,32,62,32,62,32,31,4
32,31,32,63,32,63,32,62,32,62,32,31,4
32,31,32,31,4
\
\
\
\
\
32,31,32,62,32,31,4
32,31,32,62,32,62,32,62,32,31,4
32,31,32,62,32,62,32,31,4
32,31,32,31,4
\
\
\
\
\
\
\
32,31,32,62,32,62,32,62,32,62,32,62,32,31,4
32,31,32,62,32,62,32,62,32,62,32,62,32,31,4
32,31,32,31,4
\
\
\
\
\
32,31,32,37,32,62,32,62,32,62,32,31,4
32,31,32,37,32,62,32,62,32,62,32,31,4
32,31,32,31,4
\
\
\
\
\
\
\
\
\
32,31,32,44,32,62,32,62,32,62,32,31,4
32,31,32,44,32,62,32,62,32,62,32,31,4
32,31,32,31,4
\
\
\
\
\
\
\
\
\
32,31,32,55,32,31,4
32,31,32,55,32,62,32,63,32,62,32,31,4
32,31,32,62,32,63,32,62,32,31,4
32,31,32,31,4
\
\
\
\
\
\
\
\
32,31,32,63,32,62,32,62,32,31,4
32,31,32,63,32,62,32,62,32,31,4
32,31,32,31,4
\
\
\
\
\
\
32,31,32,60,32,31,4
32,31,32,60,32,62,32,62,32,63,32,48,32,31,4
32,31,32,62,32,62,32,63,32,48,32,31,4
32,31,32,31,4
\
\
\
\
\
\
\
\
32,31,32,62,32,63,32,62,32,62,32,31,4
32,31,32,62,32,63,32,62,32,62,32,31,4
32,31,32,31,4
\
\
\
\
\
\
32,31,32,59,32,31,4
32,31,32,59,32,62,32,63,32,62,32,43,32,31,4
32,31,32,62,32,63,32,62,32,43,32,31,4
32,31,32,31,4
\
\
\
\
\
\
\
\
\
\
32,31,32,32,32,62,32,62,32,31,4
32,31,32,32,32,62,32,62,32,62,32,62,32,31,4
32,31,32,62,32,62,32,31,4
32,31,32,31,4
\
\
\
\
\
\
\
\
\
32,31,32,33,32,53,32,62,32,62,32,51,32,31,4
32,31,32,33,32,53,32,62,32,62,32,51,32,31,4
32,31,32,31,4
\
\
\
\
\
\
\
\
\
32,31,32,63,32,31,4
32,31,32,63,32,62,32,62,32,62,32,45,32,31,4
32,31,32,62,32,62,32,62,32,45,32,31,4
32,31,32,31,4
\
\
\
\
\
\
\
\
32,31,32,39,32,56,32,63,32,31,4
32,31,32,39,32,56,32,63,32,62,32,63,32,31,4
32,31,32,62,32,63,32,31,4
32,31,32,31,4
\
\
\
\
\
\
\
\
\
\
\
32,31,32,63,32,63,32,62,32,35,32,31,4
32,31,32,63,32,63,32,62,32,35,32,31,4
32,31,32,31,4
\
\
\
\
\
\
\
\
32,31,32,33,32,62,32,62,32,63,32,62,32,31,4
32,31,32,33,32,62,32,62,32,63,32,62,32,31,4
32,31,32,31,4
\
\
\
\
\
\
\
\
\
\
32,31,32,62,32,62,32,62,32,62,32,31,4
32,31,32,62,32,62,32,62,32,62,32,31,4
32,31,32,31,4
\
\
\
\
\
\
\
\
\
\
32,31,32,36,32,62,32,62,32,31,4
32,31,32,36,32,62,32,62,32,63,32,62,32,32,32,31,4
32,31,32,63,32,62,32,32,32,31,4
32,31,32,31,4
\
\
\
\
\
\
\
\
32,31,32,62,32,62,32,62,32,62,32,31,4
32,31,32,62,32,62,32,62,32,62,32,62,32,63,32,31,4
32,31,32,62,32,63,32,31,4
32,31,32,31,4
\
\
\
\
\
32,31,32,34,32,37,32,62,32,62,32,63,32,31,4
32,31,32,34,32,37,32,62,32,62,32,63,32,62,32,31,4
32,31,32,62,32,31,4
32,31,32,31,4
\
\
\
\
\
\
32,31,32,55,32,31,4
32,31,32,55,32,62,32,63,32,62,32,62,32,62,32,31,4
32,31,32,62,32,63,32,62,32,62,32,62,32,31,4
32,31,32,31,4
\
\
\
\
\
\
\
\
\
32,31,32,61,32,62,32,31,4
32,31,32,61,32,62,32,63,32,62,32,62,32,31,4
32,31,32,63,32,62,32,62,32,31,4
32,31,32,31,4
\
\
\
\
\
\
\
\
\
\
\
32,31,32,43,32,62,32,62,32,63,32,31,4
32,31,32,43,32,62,32,62,32,63,32,62,32,62,32,62,32,31,4
32,31,32,62,32,62,32,62,32,31,4
32,31,32,31,4
\
\
\
\
\
\
\
32,31,32,32,32,31,4
32,31,32,32,32,63,32,62,32,62,32,62,32,62,32,31,4
32,31,32,63,32,62,32,62,32,62,32,62,32,31,4
32,31,32,31,4
\
\
\
\
\
\
\
\
\
\
\
\
32,31,32,42,32,61,32,62,32,63,32,62,32,50,32,31,4
32,31,32,42,32,61,32,62,32,63,32,62,32,50,32,31,4
32,31,32,31,4
\
\
\
\
\
\
\
\
\
\
\
\
\
\
32,31,32,47,32,62,32,62,32,62,32,63,32,48,32,31,4
32,31,32,47,32,62,32,62,32,62,32,63,32,48,32,31,4
32,31,32,31,4
\
\
\
32,31,32,42,32,53,32,62,32,62,32,63,32,31,4
32,31,32,42,32,53,32,62,32,62,32,63,32,62,32,38,32,31,4
32,31,32,62,32,38,32,31,4
32,31,32,31,4
\
\
\
32,31,32,63,32,63,32,62,32,31,4
32,31,32,63,32,63,32,62,32,31,4
32,31,32,31,4
\
\
\
\
\
\
\
32,31,32,62,32,31,4
32,31,32,62,32,62,32,62,32,62,32,31,4
32,31,32,62,32,62,32,62,32,31,4
32,31,32,31,4
\
\
\
\
\
\
32,31,32,62,32,62,32,63,32,62,32,31,4
32,31,32,62,32,62,32,63,32,62,32,31,4
32,31,32,31,4
\
\
\
\
\
\
\
32,31,32,32,32,38,32,59,32,62,32,62,32,62,32,31,4
32,31,32,32,32,38,32,59,32,62,32,62,32,62,32,62,32,63,32,62,32,62,32,62,32,62,32,31,4
32,31,32,62,32,63,32,62,32,62,32,62,32,62,32,44,32,31,4
32,31,32,44,32,31,4
32,31,32,31,4
\
\
\
\
\
\
\
\
\
\
32,31,32,62,32,62,32,62,32,63,32,62,32,32,32,31,4
32,31,32,62,32,62,32,62,32,63,32,62,32,32,32,31,4
32,31,32,31,4
\
\
\
\
\
\
\
\
\
\
\
\
\
32,31,32,34,32,31,4
32,31,32,34,32,49,32,62,32,62,32,62,32,63,32,31,4
32,31,32,49,32,62,32,62,32,62,32,63,32,31,4
32,31,32,31,4
\
\
\
\
\
\
\
\
\
\
\
\
\
\
\
\
\
32,31,32,33,32,50,32,62,32,62,32,31,4
32,31,32,33,32,50,32,62,32,62,32,63,32,62,32,31,4
32,31,32,63,32,62,32,31,4
32,31,32,31,4
\
\
\
\
\
\
\
\
\
\
\
32,31,32,43,32,62,32,31,4
32,31,32,43,32,62,32,63,32,62,32,31,4
32,31,32,63,32,62,32,31,4
32,31,32,31,4
\
\
\
\
\
\
\
\
\
\
\
32,31,32,44,32,59,32,62,32,62,32,31,4
32,31,32,44,32,59,32,62,32,62,32,62,32,31,4
32,31,32,62,32,31,4
32,31,32,31,4
\
\
\
\
\
\
\
\
\
\
\
\
\
32,31,32,44,32,62,32,63,32,31,4
32,31,32,44,32,62,32,63,32,62,32,31,4
32,31,32,62,32,31,4
32,31,32,31,4
\
\
\
\
\
\
\
\
\
\
\
\
\
32,31,32,33,32,56,32,31,4
32,31,32,33,32,56,32,62,32,62,32,48,32,31,4
32,31,32,62,32,62,32,48,32,31,4
32,31,32,31,4
\
\
\
\
\
\
\
\
\
32,31,32,45,32,62,32,63,32,31,4
32,31,32,45,32,62,32,63,32,62,32,63,32,62,32,31,4
32,31,32,62,32,63,32,62,32,31,4
32,31,32,31,4
\
\
\
\
\
\
\
32,31,32,42,32,42,32,62,32,62,32,31,4
32,31,32,42,32,42,32,62,32,62,32,62,32,31,4
32,31,32,62,32,31,4
32,31,32,31,4
\
\
\
32,31,32,51,32,31,4
32,31,32,51,32,62,32,62,32,62,32,53,32,31,4
32,31,32,62,32,62,32,62,32,53,32,31,4
32,31,32,31,4
\
\
\
\
\
