32,31,32,31,1
32,31,32,31,1
\
\
\
32,31,0,31,0,31,0,31,32,31,1
32,31,0,31,0,31,0,31,32,31,1
32,31,32,31,1
\
\
\
32,31,0,31,0,31,0,31,32,31,1
32,31,0,31,0,31,0,31,32,31,1
32,31,32,31,1
\
\
\
\
32,31,3,31,0,31,0,31,0,31,32,31,1
32,31,3,31,0,31,0,31,0,31,32,31,1
32,31,32,31,1
\
\
\
\
32,31,0,31,0,31,0,31,0,31,32,31,1
32,31,0,31,0,31,0,31,0,31,32,31,1
32,31,32,31,1
\
\
\
32,31,23,31,0,31,32,31,1
32,31,23,31,0,31,0,31,0,31,10,31,32,31,1
32,31,0,31,0,31,0,31,10,31,32,31,1
32,31,32,31,1
\
\
\
32,31,24,31,0,31,32,31,1
32,31,24,31,0,31,0,31,0,31,0,31,0,31,15,31,32,31,1
32,31,0,31,0,31,0,31,0,31,0,31,15,31,32,31,1
32,31,32,31,1
\
\
\
32,31,0,31,0,31,32,31,1
32,31,0,31,0,31,0,31,0,31,0,31,0,31,0,31,32,31,1
32,31,0,31,0,31,0,31,0,31,0,31,0,31,0,31,0,31,0,31,31,31,32,31,1
32,31,0,31,0,31,0,31,31,31,32,31,1
32,31,32,31,1
\
\
\
32,31,21,31,0,31,0,31,0,31,0,31,32,31,1
32,31,21,31,0,31,0,31,0,31,0,31,0,31,32,31,1
32,31,0,31,0,31,32,31,1
32,31,32,31,1
\
\
\
32,31,0,31,0,31,0,31,0,31,32,31,1
32,31,0,31,0,31,0,31,0,31,32,31,1
32,31,32,31,1
\
\
\
\
32,31,0,31,0,31,0,31,0,31,0,31,32,31,1
32,31,0,31,0,31,0,31,0,31,0,31,0,31,0,31,32,31,1
32,31,0,31,0,31,0,31,32,31,1
32,31,32,31,1
\
\
32,31,0,31,0,31,32,31,1
32,31,0,31,0,31,0,31,0,31,0,31,8,31,32,31,1
32,31,0,31,0,31,0,31,0,31,8,31,32,31,1
32,31,32,31,1
\
\
\
32,31,28,31,0,31,32,31,1
32,31,28,31,0,31,0,31,0,31,0,31,5,31,32,31,1
32,31,0,31,0,31,0,31,0,31,5,31,32,31,1
32,31,32,31,1
\
\
\
\
32,31,24,31,0,31,0,31,0,31,0,31,0,31,32,31,1
32,31,24,31,0,31,0,31,0,31,0,31,0,31,0,31,32,31,1
32,31,0,31,0,31,32,31,1
32,31,32,31,1
\
\
\
32,31,0,31,0,31,0,31,0,31,0,31,32,31,1
32,31,0,31,0,31,0,31,0,31,0,31,0,31,0,31,32,31,1
32,31,0,31,0,31,0,31,32,31,1
32,31,32,31,1
\
\
\
32,31,1,31,0,31,0,31,0,31,32,31,1
32,31,1,31,0,31,0,31,0,31,0,31,32,31,1
32,31,0,31,0,31,32,31,1
32,31,32,31,1
\
\
32,31,16,31,32,31,1
32,31,16,31,0,31,0,31,0,31,0,31,32,31,1
32,31,16,31,0,31,0,31,0,31,0,31,32,31,1
32,31,32,31,1
\
\
\
32,31,0,31,0,31,0,31,0,31,32,31,1
32,31,0,31,0,31,0,31,0,31,0,31,0,31,32,31,1
32,31,0,31,0,31,0,31,32,31,1
32,31,32,31,1
\
\
\
32,31,0,31,0,31,0,31,32,31,1
32,31,0,31,0,31,0,31,0,31,0,31,0,31,32,31,1
32,31,0,31,0,31,0,31,0,31,32,31,1
32,31,32,31,1
\
\
\
32,31,0,31,0,31,32,31,1
32,31,0,31,0,31,0,31,0,31,32,31,1
32,31,0,31,0,31,0,31,32,31,1
32,31,32,31,1
\
\
\
32,31,0,31,0,31,0,31,0,31,32,31,1
32,31,0,31,0,31,0,31,0,31,0,31,32,31,1
32,31,0,31,0,31,32,31,1
32,31,32,31,1
\
\
\
32,31,0,31,0,31,0,31,32,31,1
32,31,0,31,0,31,0,31,0,31,0,31,32,31,1
32,31,0,31,0,31,0,31,32,31,1
32,31,32,31,1
\
\
\
32,31,0,31,0,31,0,31,0,31,32,31,1
32,31,0,31,0,31,0,31,0,31,0,31,0,31,0,31,32,31,1
32,31,0,31,0,31,0,31,0,31,32,31,1
32,31,32,31,1
\
\
32,31,18,31,0,31,0,31,0,31,32,31,1
32,31,18,31,0,31,0,31,0,31,0,31,32,31,1
32,31,0,31,0,31,32,31,1
32,31,32,31,1
\
\
\
32,31,0,31,0,31,0,31,0,31,32,31,1
32,31,0,31,0,31,0,31,0,31,0,31,17,31,32,31,1
32,31,0,31,0,31,17,31,32,31,1
32,31,32,31,1
\
\
32,31,14,31,0,31,32,31,1
32,31,14,31,0,31,0,31,0,31,0,31,0,31,0,31,32,31,1
32,31,0,31,0,31,0,31,0,31,0,31,0,31,32,31,1
32,31,32,31,1
\
\
\
32,31,0,31,0,31,0,31,0,31,0,31,0,31,32,31,1
32,31,0,31,0,31,0,31,0,31,0,31,0,31,0,31,32,31,1
32,31,0,31,0,31,32,31,1
32,31,32,31,1
\
\
\
32,31,0,31,0,31,0,31,0,31,0,31,32,31,1
32,31,0,31,0,31,0,31,0,31,0,31,0,31,31,31,32,31,1
32,31,0,31,0,31,31,31,32,31,1
32,31,32,31,1
\
\
\
32,31,18,31,0,31,32,31,1
32,31,18,31,0,31,0,31,0,31,0,31,0,31,32,31,1
32,31,0,31,0,31,0,31,0,31,0,31,32,31,1
32,31,32,31,1
\
\
\
\
32,31,0,31,0,31,0,31,0,31,0,31,32,31,1
32,31,0,31,0,31,0,31,0,31,0,31,32,31,1
32,31,32,31,1
\
\
32,31,0,31,0,31,32,31,1
32,31,0,31,0,31,0,31,0,31,0,31,0,31,32,31,1
32,31,0,31,0,31,0,31,0,31,0,31,32,31,1
32,31,32,31,1
\
\
32,31,0,31,32,31,1
32,31,0,31,0,31,0,31,0,31,32,31,1
32,31,0,31,0,31,0,31,0,31,32,31,1
32,31,32,31,1
\
\
32,31,0,31,0,31,0,31,32,31,1
32,31,0,31,0,31,0,31,0,31,0,31,32,31,1
32,31,0,31,0,31,0,31,32,31,1
32,31,32,31,1
\
\
32,31,0,31,32,31,1
32,31,0,31,0,31,0,31,0,31,0,31,0,31,32,31,1
32,31,0,31,0,31,0,31,0,31,0,31,0,31,32,31,1
32,31,32,31,1
\
\
\
32,31,0,31,0,31,0,31,0,31,0,31,32,31,1
32,31,0,31,0,31,0,31,0,31,0,31,0,31,0,31,32,31,1
32,31,0,31,0,31,0,31,32,31,1
32,31,32,31,1
\
\
32,31,0,31,0,31,0,31,0,31,0,31,32,31,1
32,31,0,31,0,31,0,31,0,31,0,31,0,31,0,31,0,31,0,31,0,31,32,31,1
32,31,0,31,0,31,0,31,0,31,0,31,0,31,32,31,1
32,31,32,31,1
\
\
32,31,0,31,0,31,0,31,0,31,32,31,1
32,31,0,31,0,31,0,31,0,31,32,31,1
32,31,32,31,1
\
\
\
32,31,0,31,0,31,0,31,32,31,1
32,31,0,31,0,31,0,31,32,31,1
32,31,32,31,1
\
\
32,31,0,31,32,31,1
32,31,0,31,0,31,0,31,0,31,0,31,32,31,1
32,31,0,31,0,31,0,31,0,31,0,31,32,31,1
32,31,32,31,1
\
\
32,31,15,31,0,31,0,31,32,31,1
32,31,15,31,0,31,0,31,0,31,0,31,32,31,1
32,31,0,31,0,31,0,31,32,31,1
32,31,32,31,1
\
\
32,31,19,31,32,31,1
32,31,19,31,0,31,0,31,0,31,0,31,0,31,32,31,1
32,31,19,31,0,31,0,31,0,31,0,31,0,31,32,31,1
32,31,32,31,1
\
\
\
32,31,0,31,0,31,0,31,0,31,0,31,32,31,1
32,31,0,31,0,31,0,31,0,31,0,31,0,31,32,31,1
32,31,0,31,0,31,32,31,1
32,31,32,31,1
\
\
32,31,16,31,0,31,0,31,0,31,0,31,32,31,1
32,31,16,31,0,31,0,31,0,31,0,31,32,31,1
32,31,32,31,1
32,31,32,31,1
\
\
32,31,0,31,0,31,0,31,0,31,0,31,32,31,1
32,31,0,31,0,31,0,31,0,31,0,31,0,31,32,31,1
32,31,0,31,0,31,32,31,1
32,31,32,31,1
\
\
\
32,31,18,31,0,31,0,31,0,31,0,31,0,31,32,31,1
32,31,18,31,0,31,0,31,0,31,0,31,0,31,32,31,1
32,31,32,31,1
\
\
\
32,31,0,31,0,31,0,31,0,31,32,31,1
32,31,0,31,0,31,0,31,0,31,0,31,15,31,32,31,1
32,31,0,31,0,31,15,31,32,31,1
32,31,32,31,1
\
\
\
32,31,1,31,0,31,0,31,32,31,1
32,31,1,31,0,31,0,31,0,31,0,31,32,31,1
32,31,0,31,0,31,0,31,32,31,1
32,31,32,31,1
\
\
\
32,31,0,31,0,31,0,31,0,31,0,31,32,31,1
32,31,0,31,0,31,0,31,0,31,0,31,0,31,0,31,0,31,32,31,1
32,31,0,31,0,31,0,31,0,31,32,31,1
32,31,32,31,1
\
\
32,31,16,31,32,31,1
32,31,16,31,0,31,0,31,0,31,0,31,0,31,32,31,1
32,31,16,31,0,31,0,31,0,31,0,31,0,31,0,31,0,31,32,31,1
32,31,0,31,0,31,0,31,32,31,1
32,31,32,31,1
\
\
32,31,0,31,0,31,0,31,0,31,32,31,1
32,31,0,31,0,31,0,31,0,31,32,31,1
32,31,32,31,1
\
\
\
32,31,0,31,0,31,0,31,0,31,0,31,32,31,1
32,31,0,31,0,31,0,31,0,31,0,31,13,31,32,31,1
32,31,13,31,32,31,1
32,31,32,31,1
\
\
\
32,31,0,31,0,31,0,31,0,31,0,31,32,31,1
32,31,0,31,0,31,0,31,0,31,0,31,32,31,1
32,31,32,31,1
\
\
\
32,31,4,31,0,31,0,31,32,31,1
32,31,4,31,0,31,0,31,0,31,0,31,0,31,0,31,32,31,1
32,31,0,31,0,31,0,31,0,31,0,31,32,31,1
32,31,32,31,1
\
\
\
32,31,2,31,0,31,0,31,0,31,32,31,1
32,31,2,31,0,31,0,31,0,31,0,31,0,31,32,31,1
32,31,0,31,0,31,0,31,32,31,1
32,31,32,31,1
\
\
\
32,31,0,31,0,31,0,31,32,31,1
32,31,0,31,0,31,0,31,0,31,0,31,0,31,0,31,0,31,32,31,1
32,31,0,31,0,31,0,31,0,31,0,31,0,31,32,31,1
32,31,32,31,1
\
\
\
32,31,0,31,0,31,32,31,1
32,31,0,31,0,31,0,31,0,31,0,31,0,31,0,31,32,31,1
32,31,0,31,0,31,0,31,0,31,0,31,0,31,32,31,1
32,31,32,31,1
\
\
\
\
32,31,11,31,0,31,0,31,0,31,32,31,1
32,31,11,31,0,31,0,31,0,31,0,31,0,31,0,31,18,31,19,31,32,31,1
32,31,0,31,0,31,0,31,0,31,18,31,19,31,26,31,32,31,1
32,31,26,31,32,31,1
32,31,32,31,1
\
\
32,31,0,31,0,31,0,31,0,31,0,31,32,31,1
32,31,0,31,0,31,0,31,0,31,0,31,25,31,32,31,1
32,31,32,31,1
32,31,32,31,1
\
\
\
32,31,27,31,0,31,0,31,0,31,0,31,0,31,32,31,1
32,31,27,31,0,31,0,31,0,31,0,31,0,31,0,31,17,31,32,31,1
32,31,0,31,0,31,17,31,32,31,1
32,31,32,31,1
\
\
\
32,31,0,31,32,31,1
32,31,0,31,0,31,0,31,0,31,0,31,0,31,32,31,1
32,31,0,31,0,31,0,31,0,31,0,31,0,31,11,31,32,31,1
32,31,11,31,32,31,1
32,31,32,31,1
\
\
\
32,31,0,31,0,31,32,31,1
32,31,0,31,0,31,0,31,0,31,0,31,0,31,0,31,32,31,1
32,31,0,31,0,31,0,31,0,31,0,31,0,31,0,31,0,31,31,31,32,31,1
32,31,0,31,0,31,31,31,32,31,1
32,31,32,31,1
\
\
\
32,31,11,31,0,31,32,31,1
32,31,11,31,0,31,0,31,0,31,0,31,15,31,32,31,1
32,31,0,31,0,31,0,31,0,31,15,31,32,31,1
32,31,32,31,1
\
\
\
32,31,23,31,0,31,0,31,0,31,32,31,1
32,31,23,31,0,31,0,31,0,31,0,31,0,31,0,31,21,31,32,31,1
32,31,0,31,0,31,0,31,0,31,21,31,32,31,1
32,31,32,31,1
\
\
\
32,31,0,31,0,31,32,31,1
32,31,0,31,0,31,0,31,0,31,0,31,0,31,23,31,32,31,1
32,31,0,31,0,31,0,31,0,31,0,31,23,31,32,31,1
32,31,32,31,1
\
\
\
32,31,28,31,0,31,32,31,1
32,31,28,31,0,31,0,31,0,31,0,31,5,31,14,31,32,31,1
32,31,0,31,0,31,0,31,0,31,5,31,14,31,24,31,32,31,1
32,31,24,31,32,31,1
32,31,32,31,1
\
\
\
32,31,28,31,0,31,0,31,0,31,32,31,1
32,31,28,31,0,31,0,31,0,31,0,31,0,31,0,31,0,31,31,31,32,31,1
32,31,0,31,0,31,0,31,0,31,0,31,31,31,32,31,1
32,31,32,31,1
\
\
\
\
32,31,0,31,0,31,0,31,0,31,32,31,1
32,31,0,31,0,31,0,31,0,31,0,31,0,31,32,31,1
32,31,0,31,0,31,0,31,32,31,1
32,31,32,31,1
\
\
\
32,31,0,31,0,31,0,31,0,31,0,31,32,31,1
32,31,0,31,0,31,0,31,0,31,0,31,0,31,32,31,1
32,31,0,31,0,31,32,31,1
32,31,32,31,1
\
\
32,31,31,31,13,31,0,31,0,31,32,31,1
32,31,31,31,13,31,0,31,0,31,0,31,0,31,0,31,0,31,0,31,32,31,1
32,31,0,31,0,31,0,31,0,31,0,31,0,31,0,31,0,31,0,31,10,31,15,31,28,31,32,31,1
32,31,0,31,0,31,0,31,10,31,15,31,28,31,32,31,1
32,31,32,31,1
\
\
32,31,0,31,0,31,0,31,0,31,0,31,32,31,1
32,31,0,31,0,31,0,31,0,31,0,31,0,31,0,31,23,31,30,31,32,31,1
32,31,0,31,0,31,0,31,23,31,30,31,32,31,1
32,31,32,31,1
\
\
32,31,0,31,0,31,0,31,32,31,1
32,31,0,31,0,31,0,31,0,31,0,31,0,31,0,31,7,31,32,31,1
32,31,0,31,0,31,0,31,0,31,0,31,7,31,31,31,32,31,1
32,31,31,31,32,31,1
32,31,32,31,1
\
\
32,31,7,31,0,31,0,31,0,31,32,31,1
32,31,7,31,0,31,0,31,0,31,0,31,0,31,0,31,2,31,18,31,32,31,1
32,31,0,31,0,31,0,31,0,31,2,31,18,31,32,31,1
32,31,32,31,1
32,31,32,31,1
\
\
32,31,31,31,0,31,0,31,0,31,0,31,0,31,32,31,1
32,31,31,31,0,31,0,31,0,31,0,31,0,31,0,31,32,31,1
32,31,0,31,0,31,32,31,1
32,31,32,31,1
\
\
\
32,31,13,31,0,31,0,31,0,31,0,31,0,31,32,31,1
32,31,13,31,0,31,0,31,0,31,0,31,0,31,25,31,32,31,1
32,31,25,31,32,31,1
32,31,32,31,1
\
\
\
32,31,0,31,0,31,0,31,0,31,32,31,1
32,31,0,31,0,31,0,31,0,31,0,31,32,31,1
32,31,0,31,0,31,32,31,1
32,31,32,31,1
\
\
32,31,16,31,32,31,1
32,31,16,31,0,31,0,31,0,31,0,31,32,31,1
32,31,16,31,0,31,0,31,0,31,0,31,32,31,1
32,31,32,31,1
\
\
\
\
32,31,12,31,0,31,0,31,0,31,0,31,32,31,1
32,31,12,31,0,31,0,31,0,31,0,31,32,31,1
32,31,32,31,1
\
\
\
32,31,27,31,0,31,32,31,1
32,31,27,31,0,31,0,31,0,31,0,31,16,31,32,31,1
32,31,0,31,0,31,0,31,0,31,16,31,32,31,1
32,31,32,31,1
\
\
\
32,31,0,31,0,31,0,31,0,31,0,31,32,31,1
32,31,0,31,0,31,0,31,0,31,0,31,0,31,32,31,1
32,31,0,31,0,31,32,31,1
32,31,32,31,1
\
\
32,31,19,31,32,31,1
32,31,19,31,0,31,0,31,0,31,0,31,0,31,32,31,1
32,31,19,31,0,31,0,31,0,31,0,31,0,31,32,31,1
32,31,32,31,1
\
\
\
32,31,0,31,0,31,32,31,1
32,31,0,31,0,31,0,31,0,31,32,31,1
32,31,0,31,0,31,0,31,32,31,1
32,31,32,31,1
\
\
\
32,31,0,31,0,31,0,31,0,31,32,31,1
32,31,0,31,0,31,0,31,0,31,32,31,1
32,31,32,31,1
\
\
\
32,31,1,31,0,31,0,31,32,31,1
32,31,1,31,0,31,0,31,0,31,0,31,32,31,1
32,31,0,31,0,31,0,31,32,31,1
32,31,32,31,1
\
\
\
32,31,0,31,0,31,0,31,0,31,0,31,32,31,1
32,31,0,31,0,31,0,31,0,31,0,31,0,31,0,31,0,31,32,31,1
32,31,0,31,0,31,0,31,0,31,32,31,1
32,31,32,31,1
\
\
32,31,0,31,0,31,0,31,32,31,1
32,31,0,31,0,31,0,31,0,31,0,31,0,31,32,31,1
32,31,0,31,0,31,0,31,0,31,32,31,1
32,31,32,31,1
\
\
32,31,0,31,0,31,0,31,0,31,3,31,32,31,1
32,31,0,31,0,31,0,31,0,31,3,31,32,31,1
32,31,32,31,1
\
\
32,31,0,31,32,31,1
32,31,0,31,0,31,0,31,0,31,32,31,1
32,31,0,31,0,31,0,31,0,31,32,31,1
32,31,32,31,1
\
\
32,31,7,31,0,31,0,31,0,31,15,31,32,31,1
32,31,0,31,0,31,15,31,32,31,1
32,31,32,31,1
\
\
\
32,31,22,31,0,31,0,31,0,31,32,31,1
32,31,22,31,0,31,0,31,0,31,0,31,32,31,1
32,31,0,31,0,31,32,31,1
32,31,32,31,1
\
\
\
32,31,0,31,0,31,0,31,0,31,0,31,32,31,1
32,31,0,31,0,31,0,31,0,31,0,31,0,31,32,31,1
32,31,0,31,0,31,32,31,1
32,31,32,31,1
\
\
\
32,31,11,31,0,31,0,31,0,31,32,31,1
32,31,11,31,0,31,0,31,0,31,0,31,32,31,1
32,31,0,31,0,31,32,31,1
32,31,32,31,1
\
\
\
32,31,0,31,0,31,0,31,0,31,29,31,32,31,1
32,31,0,31,0,31,0,31,0,31,29,31,32,31,1
32,31,32,31,1
\
\
\
32,31,0,31,32,31,1
32,31,0,31,0,31,0,31,0,31,0,31,19,31,32,31,1
32,31,0,31,0,31,0,31,0,31,0,31,19,31,32,31,1
32,31,32,31,1
\
\
\
\
32,31,28,31,0,31,0,31,0,31,0,31,20,31,32,31,1
32,31,28,31,0,31,0,31,0,31,0,31,20,31,32,31,1
32,31,32,31,1
\
\
32,31,0,31,0,31,0,31,0,31,32,31,1
32,31,0,31,0,31,0,31,0,31,23,31,32,31,1
32,31,23,31,32,31,1
32,31,32,31,1
\
\
32,31,24,31,0,31,32,31,1
32,31,24,31,0,31,0,31,0,31,0,31,31,31,32,31,1
32,31,0,31,0,31,0,31,0,31,31,31,32,31,1
32,31,32,31,1
\
\
32,31,0,31,32,31,1
32,31,0,31,0,31,0,31,0,31,0,31,22,31,32,31,1
32,31,0,31,0,31,0,31,0,31,0,31,22,31,32,31,1
32,31,32,31,1
\
\
32,31,0,31,0,31,0,31,32,31,1
32,31,0,31,0,31,0,31,0,31,0,31,29,31,32,31,1
32,31,0,31,0,31,0,31,29,31,32,31,1
32,31,32,31,1
\
\
\
\
