32,31,32,31,4
\
32,31,32,31,4
\
\
\
32,31,32,31,4
32,31,32,31,4
32,31,32,31,4
32,31,32,31,32,31,32,31,4
\
\
\
\
\
\
32,31,32,31,32,63,32,62,32,62,32,35,32,31,32,31,4
32,31,32,31,32,63,32,62,32,62,32,35,32,31,32,31,4
32,31,32,31,0,31,32,31,32,31,4
32,31,32,31,0,31,0,31,32,31,32,31,4
32,31,32,31,0,31,0,31,32,31,32,31,4
32,31,32,31,32,31,32,31,4
32,31,2,31,32,31,4
32,31,32,31,4
\
\
\
32,31,11,31,32,31,4
32,31,11,31,0,31,0,31,0,31,32,31,4
32,31,11,31,0,31,0,31,0,31,32,31,4
32,31,32,31,4
\
\
\
32,31,32,47,32,63,32,62,32,62,32,41,32,31,4
32,31,32,47,32,63,32,62,32,62,32,41,32,31,4
32,31,32,31,4
\
\
\
32,31,55,31,62,31,62,31,58,31,32,31,4
32,31,55,31,62,31,62,31,58,31,32,31,4
32,31,32,31,4
32,31,32,31,4
\
\
32,31,26,31,0,31,0,31,32,31,4
32,31,26,31,0,31,0,31,32,31,4
32,31,32,31,4
\
32,31,32,34,32,31,4
32,31,32,34,32,63,32,62,32,63,32,31,4
32,31,32,63,32,62,32,63,32,31,4
32,31,32,31,4
\
\
