32,31,32,31,3
\
\
32,31,35,31,62,31,32,31,3
32,31,35,31,62,31,62,31,63,31,50,31,32,31,3
32,31,62,31,63,31,50,31,32,31,3
32,31,32,31,3
\
\
\
32,31,62,31,62,31,62,31,32,31,3
32,31,62,31,62,31,62,31,32,31,3
32,31,32,31,3
\
\
\
\
32,31,62,31,62,31,62,31,32,31,3
32,31,32,31,3
\
\
\
\
\
\
32,31,41,31,62,31,63,31,63,31,32,31,3
32,31,41,31,62,31,63,31,63,31,62,31,32,31,3
32,31,62,31,32,31,3
32,31,32,31,3
\
\
\
\
32,31,34,31,62,31,32,31,3
32,31,34,31,62,31,62,31,62,31,32,31,3
32,31,62,31,62,31,32,31,3
32,31,32,31,3
\
\
32,31,36,31,62,31,62,31,63,31,32,31,3
32,31,36,31,62,31,62,31,63,31,32,31,3
32,31,32,31,3
\
\
\
\
32,31,42,31,62,31,32,31,3
32,31,42,31,62,31,63,31,40,31,32,31,3
32,31,63,31,40,31,32,31,3
32,31,32,31,3
\
\
\
32,31,47,31,62,31,63,31,63,31,32,31,3
32,31,47,31,62,31,63,31,63,31,32,31,3
32,31,32,31,3
\
\
\
\
32,31,62,31,62,31,62,31,52,31,32,31,3
32,31,62,31,62,31,62,31,52,31,32,31,3
32,31,32,31,3
\
\
\
\
32,31,34,31,62,31,62,31,62,31,63,31,32,31,3
32,31,34,31,62,31,62,31,62,31,63,31,32,31,3
32,31,32,31,3
\
\
\
\
\
32,31,42,31,62,31,62,31,62,31,32,31,3
32,31,42,31,62,31,62,31,62,31,32,31,3
32,31,32,31,3
\
\
\
\
\
32,31,52,31,32,31,3
32,31,52,31,62,31,62,31,63,31,34,31,32,31,3
32,31,62,31,62,31,63,31,34,31,32,31,3
32,31,32,31,3
\
\
\
\
32,31,39,31,62,31,62,31,62,31,33,31,32,31,3
32,31,39,31,62,31,62,31,62,31,33,31,32,31,3
32,31,32,31,3
\
\
\
\
\
32,31,41,31,62,31,63,31,62,31,32,31,3
32,31,41,31,62,31,63,31,62,31,62,31,32,31,3
32,31,62,31,32,31,3
32,31,32,31,3
\
\
\
32,31,50,31,63,31,62,31,62,31,55,31,32,31,3
32,31,50,31,63,31,62,31,62,31,55,31,32,31,3
32,31,32,31,3
\
\
\
\
\
\
32,31,34,31,47,31,62,31,63,31,32,31,3
32,31,34,31,47,31,62,31,63,31,63,31,62,31,32,31,3
32,31,63,31,62,31,32,31,3
32,31,32,31,3
\
\
\
\
\
\
32,31,40,31,56,31,62,31,62,31,62,31,49,31,32,31,3
32,31,40,31,56,31,62,31,62,31,62,31,49,31,32,31,3
32,31,32,31,3
\
\
\
\
\
32,31,36,31,49,31,62,31,62,31,62,31,62,31,32,31,3
32,31,36,31,49,31,62,31,62,31,62,31,62,31,32,31,3
32,31,32,31,3
\
\
\
\
\
\
\
32,31,41,31,59,31,62,31,62,31,62,31,35,31,32,31,3
32,31,41,31,59,31,62,31,62,31,62,31,35,31,32,31,3
32,31,32,31,3
\
\
\
\
32,31,39,31,61,31,62,31,63,31,32,31,3
32,31,39,31,61,31,62,31,63,31,62,31,32,31,3
32,31,62,31,32,31,3
32,31,32,31,3
\
\
\
\
\
32,31,39,31,54,31,63,31,62,31,32,31,3
32,31,39,31,54,31,63,31,62,31,62,31,43,31,32,31,3
32,31,62,31,43,31,32,31,3
32,31,32,31,3
\
\
\
\
32,31,45,31,62,31,63,31,32,31,3
32,31,45,31,62,31,63,31,62,31,63,31,32,31,3
32,31,62,31,63,31,32,31,3
32,31,32,31,3
\
\
\
\
\
\
\
32,31,35,31,51,31,62,31,62,31,62,31,44,31,32,31,3
32,31,35,31,51,31,62,31,62,31,62,31,44,31,32,31,3
32,31,32,31,3
\
\
\
\
\
32,31,37,31,52,31,32,31,3
32,31,37,31,52,31,63,31,63,31,62,31,62,31,32,31,3
32,31,63,31,63,31,62,31,62,31,32,31,3
32,31,32,31,3
\
\
\
32,31,34,31,32,31,3
32,31,34,31,47,31,62,31,62,31,62,31,63,31,39,31,32,31,3
32,31,47,31,62,31,62,31,62,31,63,31,39,31,32,31,3
32,31,32,31,3
\
\
\
\
\
\
32,31,43,31,62,31,62,31,62,31,62,31,32,31,3
32,31,43,31,62,31,62,31,62,31,62,31,62,31,33,31,32,31,3
32,31,62,31,33,31,32,31,3
32,31,32,31,3
\
\
\
32,31,37,31,50,31,63,31,32,31,3
32,31,37,31,50,31,63,31,62,31,62,31,62,31,38,31,32,31,3
32,31,62,31,62,31,62,31,38,31,32,31,3
32,31,32,31,3
\
\
\
\
32,31,44,31,62,31,62,31,32,31,3
32,31,44,31,62,31,62,31,62,31,62,31,32,31,3
32,31,62,31,62,31,32,31,3
32,31,32,31,3
\
\
\
\
\
\
32,31,41,31,54,31,62,31,63,31,63,31,32,31,3
32,31,41,31,54,31,62,31,63,31,63,31,62,31,62,31,45,31,32,31,3
32,31,62,31,62,31,45,31,32,31,3
32,31,32,31,3
\
\
\
32,31,34,31,39,31,47,31,32,31,3
32,31,34,31,39,31,47,31,58,31,62,31,62,31,62,31,63,31,62,31,32,31,3
32,31,58,31,62,31,62,31,62,31,63,31,62,31,37,31,32,31,3
32,31,37,31,32,31,3
32,31,32,31,3
\
\
\
\
32,31,37,31,43,31,32,31,3
32,31,37,31,43,31,55,31,63,31,62,31,62,31,62,31,63,31,32,31,3
32,31,55,31,63,31,62,31,62,31,62,31,63,31,62,31,33,31,32,31,3
32,31,62,31,33,31,32,31,3
32,31,32,31,3
\
\
32,31,35,31,40,31,32,31,3
32,31,35,31,40,31,47,31,57,31,62,31,62,31,63,31,63,31,32,31,3
32,31,47,31,57,31,62,31,62,31,63,31,63,31,62,31,62,31,61,31,41,31,32,31,3
32,31,62,31,62,31,61,31,41,31,32,31,3
32,31,32,31,3
\
\
\
32,31,38,31,46,31,61,31,62,31,62,31,63,31,32,31,3
32,31,38,31,46,31,61,31,62,31,62,31,63,31,62,31,62,31,34,31,32,31,3
32,31,62,31,62,31,34,31,32,31,3
32,31,32,31,3
\
\
\
\
\
32,31,33,31,32,31,3
32,31,33,31,39,31,46,31,52,31,61,31,62,31,63,31,32,31,3
32,31,39,31,46,31,52,31,61,31,62,31,63,31,62,31,62,31,63,31,62,31,39,31,32,31,3
32,31,62,31,62,31,63,31,62,31,39,31,32,31,3
32,31,32,31,3
\
\
\
32,31,37,31,32,31,3
32,31,37,31,46,31,58,31,62,31,62,31,62,31,62,31,32,31,3
32,31,46,31,58,31,62,31,62,31,62,31,62,31,63,31,43,31,32,31,3
32,31,63,31,43,31,32,31,3
32,31,32,31,3
\
\
\
32,31,33,31,32,31,3
32,31,33,31,37,31,41,31,44,31,50,31,59,31,63,31,32,31,3
32,31,37,31,41,31,44,31,50,31,59,31,63,31,62,31,62,31,62,31,63,31,39,31,32,31,3
32,31,62,31,62,31,62,31,63,31,39,31,32,31,3
32,31,32,31,3
\
\
\
\
\
32,31,34,31,37,31,42,31,32,31,3
32,31,34,31,37,31,42,31,53,31,62,31,62,31,62,31,63,31,62,31,32,31,3
32,31,53,31,62,31,62,31,62,31,63,31,62,31,62,31,63,31,48,31,33,31,32,31,3
32,31,62,31,63,31,48,31,33,31,32,31,3
32,31,32,31,3
\
\
\
32,31,33,31,39,31,56,31,62,31,32,31,3
32,31,33,31,39,31,56,31,62,31,62,31,62,31,62,31,32,31,3
32,31,62,31,62,31,62,31,32,31,3
32,31,32,31,3
\
\
\
32,31,33,31,32,31,3
32,31,33,31,38,31,51,31,63,31,63,31,62,31,62,31,32,31,3
32,31,38,31,51,31,63,31,63,31,62,31,62,31,44,31,32,31,3
32,31,44,31,32,31,3
32,31,32,31,3
\
\
\
\
32,31,37,31,32,31,3
32,31,37,31,47,31,63,31,62,31,62,31,62,31,51,31,32,31,3
32,31,47,31,63,31,62,31,62,31,62,31,51,31,32,31,3
32,31,32,31,3
\
\
\
\
\
\
\
\
32,31,42,31,32,31,3
32,31,42,31,62,31,62,31,62,31,62,31,32,31,3
32,31,62,31,62,31,62,31,62,31,32,31,3
32,31,32,31,3
\
\
\
\
\
\
32,31,33,31,40,31,54,31,62,31,62,31,62,31,32,31,3
32,31,33,31,40,31,54,31,62,31,62,31,62,31,62,31,62,31,32,31,3
32,31,62,31,62,31,32,31,3
32,31,32,31,3
\
\
32,31,33,31,52,31,32,31,3
32,31,33,31,52,31,62,31,62,31,63,31,62,31,63,31,37,31,32,31,3
32,31,62,31,62,31,63,31,62,31,63,31,37,31,32,31,3
32,31,32,31,3
\
\
\
\
32,31,33,31,41,31,53,31,32,31,3
32,31,33,31,41,31,53,31,63,31,63,31,62,31,62,31,62,31,62,31,32,31,3
32,31,63,31,63,31,62,31,62,31,62,31,62,31,32,31,3
32,31,32,31,3
\
\
\
32,31,47,31,62,31,62,31,62,31,32,31,3
32,31,47,31,62,31,62,31,62,31,62,31,62,31,32,31,3
32,31,62,31,62,31,32,31,3
32,31,32,31,3
\
\
32,31,52,31,62,31,32,31,3
32,31,52,31,62,31,62,31,62,31,63,31,62,31,32,31,3
32,31,62,31,62,31,63,31,62,31,32,31,3
32,31,32,31,3
\
\
\
\
\
32,31,40,31,59,31,32,31,3
32,31,40,31,59,31,63,31,62,31,62,31,62,31,32,31,3
32,31,63,31,62,31,62,31,62,31,32,31,3
32,31,32,31,3
\
\
\
\
\
\
32,31,43,31,32,31,3
32,31,43,31,63,31,63,31,62,31,32,31,3
32,31,63,31,63,31,62,31,32,31,3
32,31,32,31,3
\
32,31,47,31,62,31,62,31,62,31,32,31,3
32,31,47,31,62,31,62,31,62,31,62,31,32,31,3
32,31,62,31,32,31,3
32,31,32,31,3
\
\
32,31,41,31,58,31,32,31,3
32,31,41,31,58,31,62,31,63,31,62,31,62,31,32,31,3
32,31,62,31,63,31,62,31,62,31,32,31,3
32,31,32,31,3
\
\
\
32,31,35,31,44,31,62,31,32,31,3
32,31,35,31,44,31,62,31,62,31,62,31,63,31,57,31,32,31,3
32,31,62,31,62,31,63,31,57,31,32,31,3
32,31,32,31,3
\
\
\
\
32,31,42,31,62,31,63,31,32,31,3
32,31,42,31,62,31,63,31,62,31,62,31,62,31,32,31,3
32,31,62,31,62,31,62,31,32,31,3
32,31,32,31,3
\
\
\
\
\
\
32,31,41,31,62,31,63,31,32,31,3
32,31,41,31,62,31,63,31,63,31,62,31,63,31,32,31,3
32,31,63,31,62,31,63,31,32,31,3
32,31,32,31,3
\
\
\
\
\
32,31,40,31,62,31,62,31,32,31,3
32,31,40,31,62,31,62,31,62,31,62,31,32,31,3
32,31,62,31,62,31,32,31,3
32,31,32,31,3
\
\
\
\
\
32,31,42,31,62,31,62,31,62,31,62,31,32,31,3
32,31,42,31,62,31,62,31,62,31,62,31,32,31,3
32,31,32,31,3
\
\
\
\
\
32,31,42,31,62,31,62,31,62,31,62,31,32,31,3
32,31,42,31,62,31,62,31,62,31,62,31,32,31,3
32,31,32,31,3
\
32,31,32,31,3
32,31,32,31,3
32,31,32,31,3
32,31,32,31,3
32,31,32,31,3
32,31,43,31,62,31,62,31,62,31,32,31,3
32,31,32,31,3
32,31,32,31,3
\
\
\
32,31,47,31,62,31,62,31,62,31,32,31,3
32,31,47,31,62,31,62,31,62,31,62,31,32,31,3
32,31,62,31,32,31,3
32,31,32,31,3
\
\
\
32,31,40,31,57,31,62,31,62,31,63,31,43,31,32,31,3
32,31,40,31,57,31,62,31,62,31,63,31,43,31,32,31,3
32,31,32,31,3
\
\
\
32,31,41,31,62,31,62,31,62,31,63,31,32,31,3
32,31,41,31,62,31,62,31,62,31,63,31,57,31,32,31,3
32,31,57,31,32,31,3
32,31,32,31,3
\
\
32,31,35,31,58,31,62,31,62,31,62,31,32,31,3
32,31,35,31,58,31,62,31,62,31,62,31,32,31,3
32,31,32,31,3
\
\
\
32,31,47,31,62,31,62,31,62,31,32,31,3
32,31,47,31,62,31,62,31,62,31,32,31,3
32,31,32,31,3
\
32,31,38,31,32,31,3
32,31,38,31,63,31,62,31,62,31,62,31,32,31,3
32,31,63,31,62,31,62,31,62,31,32,31,3
32,31,32,31,3
\
\
\
32,31,41,31,63,31,62,31,62,31,62,31,32,31,3
32,31,41,31,63,31,62,31,62,31,62,31,32,31,3
32,31,32,31,3
\
\
32,31,38,31,32,31,3
32,31,38,31,58,31,63,31,62,31,62,31,56,31,32,31,3
32,31,58,31,63,31,62,31,62,31,56,31,32,31,3
32,31,32,31,3
\
32,31,34,31,47,31,63,31,62,31,32,31,3
32,31,34,31,47,31,63,31,62,31,63,31,62,31,62,31,32,31,3
32,31,63,31,62,31,62,31,32,31,3
32,31,32,31,3
\
32,31,45,31,62,31,62,31,62,31,32,31,3
32,31,45,31,62,31,62,31,62,31,63,31,35,31,32,31,3
32,31,63,31,35,31,32,31,3
32,31,32,31,3
32,31,37,31,32,31,3
32,31,37,31,49,31,62,31,62,31,62,31,63,31,62,31,32,31,3
32,31,49,31,62,31,62,31,62,31,63,31,62,31,62,31,55,31,32,31,3
32,31,62,31,55,31,32,31,3
32,31,32,31,3
\
32,31,45,31,62,31,62,31,62,31,62,31,32,31,3
32,31,45,31,62,31,62,31,62,31,62,31,38,31,32,31,3
32,31,38,31,32,31,3
32,31,32,31,3
32,31,40,31,62,31,32,31,3
32,31,40,31,62,31,62,31,62,31,63,31,62,31,49,31,32,31,3
32,31,62,31,62,31,63,31,62,31,49,31,32,31,3
32,31,32,31,3
\
\
32,31,37,31,49,31,63,31,62,31,62,31,63,31,32,31,3
32,31,37,31,49,31,63,31,62,31,62,31,63,31,62,31,62,31,41,31,32,31,3
32,31,62,31,62,31,41,31,32,31,3
32,31,32,31,3
\
\
32,31,42,31,62,31,62,31,62,31,63,31,63,31,32,31,3
32,31,42,31,62,31,62,31,62,31,63,31,63,31,63,31,35,31,32,31,3
32,31,63,31,35,31,32,31,3
32,31,32,31,3
\
32,31,59,31,62,31,62,31,32,31,3
32,31,59,31,62,31,62,31,63,31,62,31,50,31,32,31,3
32,31,63,31,62,31,50,31,32,31,3
32,31,32,31,3
\
32,31,52,31,32,31,3
32,31,52,31,63,31,62,31,63,31,44,31,32,31,3
32,31,63,31,62,31,63,31,44,31,32,31,3
32,31,32,31,3
\
\
32,31,47,31,62,31,62,31,32,31,3
32,31,47,31,62,31,62,31,62,31,32,31,3
32,31,62,31,32,31,3
32,31,32,31,3
\
\
\
32,31,36,31,58,31,63,31,62,31,32,31,3
32,31,36,31,58,31,63,31,62,31,62,31,32,31,3
32,31,62,31,32,31,3
32,31,32,31,3
\
\
\
\
32,31,35,31,62,31,62,31,63,31,32,31,3
32,31,35,31,62,31,62,31,63,31,62,31,32,31,3
32,31,62,31,32,31,3
32,31,32,31,3
\
32,31,33,31,54,31,62,31,32,31,3
32,31,33,31,54,31,62,31,62,31,63,31,60,31,32,31,3
32,31,62,31,63,31,60,31,32,31,3
32,31,32,31,3
\
\
\
\
\
\
32,31,44,31,62,31,32,31,3
32,31,44,31,62,31,62,31,63,31,62,31,43,31,32,31,3
32,31,62,31,63,31,62,31,43,31,32,31,3
32,31,32,31,3
\
\
\
\
\
\
\
32,31,44,31,62,31,62,31,62,31,32,31,3
32,31,44,31,62,31,62,31,62,31,62,31,62,31,38,31,32,31,3
32,31,62,31,62,31,38,31,32,31,3
32,31,32,31,3
\
\
32,31,43,31,62,31,32,31,3
32,31,43,31,62,31,62,31,62,31,62,31,35,31,32,31,3
32,31,62,31,62,31,62,31,35,31,32,31,3
32,31,32,31,3
\
\
\
\
32,31,36,31,42,31,61,31,62,31,62,31,62,31,32,31,3
32,31,36,31,42,31,61,31,62,31,62,31,62,31,62,31,45,31,32,31,3
32,31,62,31,45,31,32,31,3
32,31,32,31,3
\
\
\
\
\
\
32,31,48,31,62,31,62,31,63,31,62,31,40,31,32,31,3
32,31,48,31,62,31,62,31,63,31,62,31,40,31,32,31,3
32,31,32,31,3
\
32,31,37,31,62,31,62,31,32,31,3
32,31,37,31,62,31,62,31,62,31,63,31,56,31,32,31,3
32,31,62,31,63,31,56,31,32,31,3
32,31,32,31,3
\
\
\
\
32,31,33,31,46,31,62,31,62,31,62,31,32,31,3
32,31,33,31,46,31,62,31,62,31,62,31,62,31,63,31,32,31,3
32,31,62,31,63,31,32,31,3
32,31,32,31,3
\
\
\
\
\
32,31,48,31,32,31,3
32,31,48,31,62,31,62,31,62,31,62,31,32,31,3
32,31,62,31,62,31,62,31,62,31,32,31,3
32,31,32,31,3
\
\
\
32,31,34,31,49,31,32,31,3
32,31,34,31,49,31,62,31,62,31,63,31,62,31,37,31,32,31,3
32,31,62,31,62,31,63,31,62,31,37,31,32,31,3
32,31,32,31,3
\
\
\
\
\
\
32,31,48,31,63,31,62,31,62,31,32,31,3
32,31,48,31,63,31,62,31,62,31,61,31,32,31,3
32,31,61,31,32,31,3
32,31,32,31,3
\
\
\
32,31,50,31,63,31,32,31,3
32,31,50,31,63,31,62,31,62,31,62,31,32,31,3
32,31,62,31,62,31,62,31,32,31,3
32,31,32,31,3
\
\
\
\
\
32,31,45,31,62,31,62,31,32,31,3
32,31,45,31,62,31,62,31,62,31,62,31,41,31,32,31,3
32,31,62,31,62,31,41,31,32,31,3
32,31,32,31,3
\
\
\
32,31,39,31,32,31,3
32,31,39,31,59,31,62,31,62,31,63,31,62,31,38,31,32,31,3
32,31,59,31,62,31,62,31,63,31,62,31,38,31,32,31,3
32,31,32,31,3
\
\
\
\
\
32,31,48,31,32,31,3
32,31,48,31,62,31,63,31,62,31,62,31,63,31,54,31,32,31,3
32,31,62,31,63,31,62,31,62,31,63,31,54,31,32,31,3
32,31,32,31,3
\
\
\
\
32,31,45,31,63,31,62,31,32,31,3
32,31,45,31,63,31,62,31,63,31,62,31,63,31,63,31,32,31,3
32,31,63,31,62,31,63,31,63,31,32,31,3
32,31,32,31,3
\
\
\
\
32,31,33,31,56,31,32,31,3
32,31,33,31,56,31,62,31,62,31,62,31,62,31,62,31,37,31,32,31,3
32,31,62,31,62,31,62,31,62,31,62,31,37,31,32,31,3
32,31,32,31,3
\
\
\
\
\
32,31,37,31,56,31,62,31,32,31,3
32,31,37,31,56,31,62,31,62,31,62,31,63,31,62,31,32,31,3
32,31,62,31,62,31,63,31,62,31,32,31,3
32,31,32,31,3
\
\
\
\
32,31,40,31,62,31,62,31,32,31,3
32,31,40,31,62,31,62,31,62,31,32,31,3
32,31,62,31,32,31,3
32,31,32,31,3
\
\
\
\
32,31,40,31,62,31,62,31,62,31,53,31,32,31,3
32,31,40,31,62,31,62,31,62,31,53,31,32,31,3
32,31,32,31,3
\
\
\
32,31,48,31,62,31,62,31,62,31,32,31,3
32,31,48,31,62,31,62,31,62,31,32,31,3
32,31,32,31,3
\
\
\
\
\
\
\
\
32,31,37,31,62,31,32,31,3
32,31,37,31,62,31,63,31,62,31,56,31,32,31,3
32,31,63,31,62,31,56,31,32,31,3
32,31,32,31,3
\
\
\
\
\
32,31,38,31,62,31,63,31,62,31,32,31,3
32,31,38,31,62,31,63,31,62,31,32,31,3
32,31,32,31,3
\
\
\
\
32,31,50,31,61,31,62,31,62,31,32,31,3
32,31,50,31,61,31,62,31,62,31,32,31,3
32,31,32,31,3
\
\
\
\
\
\
32,31,49,31,63,31,63,31,62,31,32,31,3
32,31,49,31,63,31,63,31,62,31,47,31,32,31,3
32,31,47,31,32,31,3
32,31,32,31,3
\
\
\
\
32,31,34,31,63,31,63,31,32,31,3
32,31,34,31,63,31,63,31,62,31,63,31,37,31,32,31,3
32,31,62,31,63,31,37,31,32,31,3
32,31,32,31,3
\
\
\
\
\
32,31,43,31,62,31,63,31,62,31,62,31,32,31,3
32,31,43,31,62,31,63,31,62,31,62,31,32,31,3
32,31,32,31,3
\
\
\
\
\
32,31,50,31,62,31,62,31,62,31,62,31,62,31,32,31,3
32,31,50,31,62,31,62,31,62,31,62,31,62,31,45,31,32,31,3
32,31,45,31,32,31,3
32,31,32,31,3
\
\
\
\
32,31,33,31,32,31,3
32,31,33,31,62,31,63,31,62,31,32,31,3
32,31,62,31,63,31,62,31,32,31,3
32,31,32,31,3
\
\
\
\
\
\
32,31,62,31,62,31,62,31,32,31,3
32,31,62,31,62,31,62,31,60,31,32,31,3
32,31,60,31,32,31,3
32,31,32,31,3
\
32,31,36,31,63,31,62,31,32,31,3
32,31,36,31,63,31,62,31,62,31,62,31,32,31,3
32,31,62,31,62,31,32,31,3
32,31,32,31,3
\
\
32,31,53,31,32,31,3
32,31,53,31,62,31,62,31,62,31,62,31,32,31,3
32,31,62,31,62,31,62,31,62,31,32,31,3
32,31,32,31,3
\
\
\
32,31,33,31,58,31,62,31,32,31,3
32,31,33,31,58,31,62,31,62,31,62,31,33,31,32,31,3
32,31,62,31,62,31,33,31,32,31,3
32,31,32,31,3
\
\
32,31,37,31,61,31,32,31,3
32,31,37,31,61,31,63,31,62,31,62,31,32,31,3
32,31,63,31,62,31,62,31,32,31,3
32,31,32,31,3
\
\
\
\
32,31,51,31,62,31,62,31,62,31,52,31,32,31,3
32,31,51,31,62,31,62,31,62,31,52,31,32,31,3
32,31,32,31,3
\
\
\
\
\
32,31,34,31,32,31,3
32,31,34,31,62,31,63,31,62,31,62,31,53,31,32,31,3
32,31,62,31,63,31,62,31,62,31,53,31,32,31,3
32,31,32,31,3
\
\
32,31,36,31,62,31,32,31,3
32,31,36,31,62,31,62,31,62,31,63,31,32,31,3
32,31,62,31,62,31,63,31,32,31,3
32,31,32,31,3
\
32,31,45,31,32,31,3
32,31,45,31,62,31,62,31,63,31,62,31,50,31,32,31,3
32,31,62,31,62,31,63,31,62,31,50,31,32,31,3
32,31,32,31,3
\
\
\
\
32,31,44,31,62,31,63,31,32,31,3
32,31,44,31,62,31,63,31,63,31,62,31,42,31,32,31,3
32,31,63,31,62,31,42,31,32,31,3
32,31,32,31,3
\
\
\
\
\
32,31,42,31,62,31,32,31,3
32,31,42,31,62,31,62,31,62,31,62,31,62,31,44,31,32,31,3
32,31,62,31,62,31,62,31,62,31,44,31,32,31,3
32,31,32,31,3
\
\
\
\
32,31,51,31,62,31,62,31,62,31,32,31,3
32,31,51,31,62,31,62,31,62,31,63,31,54,31,32,31,3
32,31,63,31,54,31,32,31,3
32,31,32,31,3
\
\
\
\
32,31,34,31,62,31,63,31,41,31,32,31,3
32,31,34,31,62,31,63,31,41,31,32,31,3
32,31,32,31,3
\
\
\
\
\
\
\
32,31,38,31,57,31,63,31,62,31,32,31,3
32,31,38,31,57,31,63,31,62,31,62,31,62,31,62,31,55,31,32,31,3
32,31,62,31,62,31,62,31,55,31,32,31,3
32,31,32,31,3
\
\
\
\
\
\
\
\
32,31,33,31,62,31,32,31,3
32,31,33,31,62,31,62,31,62,31,62,31,61,31,32,31,3
32,31,62,31,62,31,62,31,61,31,32,31,3
32,31,32,31,3
\
\
\
\
\
\
32,31,44,31,32,31,3
32,31,44,31,63,31,62,31,62,31,62,31,32,31,3
32,31,63,31,62,31,62,31,62,31,32,31,3
32,31,32,31,3
\
\
\
\
32,31,33,31,52,31,62,31,63,31,63,31,32,31,3
32,31,33,31,52,31,62,31,63,31,63,31,62,31,63,31,32,31,3
32,31,62,31,63,31,32,31,3
32,31,32,31,3
\
\
\
\
\
\
\
32,31,41,31,62,31,32,31,3
32,31,41,31,62,31,62,31,62,31,62,31,62,31,32,31,3
32,31,62,31,62,31,62,31,62,31,32,31,3
32,31,32,31,3
\
\
32,31,36,31,62,31,32,31,3
32,31,36,31,62,31,63,31,62,31,62,31,32,31,3
32,31,63,31,62,31,62,31,32,31,3
32,31,32,31,3
\
\
\
\
\
32,31,63,31,32,31,3
32,31,63,31,63,31,62,31,63,31,39,31,32,31,3
32,31,63,31,62,31,63,31,39,31,32,31,3
32,31,32,31,3
\
\
\
32,31,62,31,62,31,62,31,62,31,32,31,3
32,31,62,31,62,31,62,31,62,31,32,31,3
32,31,32,31,3
\
\
\
\
\
32,31,63,31,32,31,3
32,31,63,31,62,31,62,31,36,31,32,31,3
32,31,62,31,62,31,36,31,32,31,3
32,31,32,31,3
\
32,31,33,31,62,31,62,31,32,31,3
32,31,33,31,62,31,62,31,62,31,32,31,3
32,31,62,31,32,31,3
32,31,32,31,3
\
32,31,37,31,63,31,62,31,62,31,32,31,3
32,31,37,31,63,31,62,31,62,31,32,31,3
32,31,32,31,3
\
\
32,31,41,31,32,31,3
32,31,41,31,62,31,63,31,62,31,37,31,32,31,3
32,31,62,31,63,31,62,31,37,31,32,31,3
32,31,32,31,3
\
\
32,31,37,31,32,31,3
32,31,37,31,62,31,62,31,62,31,62,31,32,31,3
32,31,62,31,62,31,62,31,62,31,32,31,3
32,31,32,31,3
\
\
32,31,38,31,63,31,63,31,32,31,3
32,31,38,31,63,31,63,31,62,31,62,31,32,31,3
32,31,62,31,62,31,32,31,3
32,31,32,31,3
\
\
32,31,35,31,32,31,3
32,31,35,31,63,31,63,31,62,31,62,31,32,31,3
32,31,63,31,63,31,62,31,62,31,32,31,3
32,31,32,31,3
\
\
32,31,62,31,62,31,62,31,63,31,50,31,32,31,3
32,31,62,31,62,31,62,31,63,31,50,31,32,31,3
32,31,32,31,3
\
\
\
32,31,46,31,62,31,62,31,32,31,3
32,31,46,31,62,31,62,31,63,31,62,31,32,31,3
32,31,63,31,62,31,32,31,3
32,31,32,31,3
\
\
32,31,42,31,58,31,62,31,62,31,62,31,62,31,32,31,3
32,31,42,31,58,31,62,31,62,31,62,31,62,31,48,31,32,31,3
32,31,48,31,32,31,3
32,31,32,31,3
\
\
\
\
32,31,35,31,62,31,62,31,63,31,62,31,62,31,32,31,3
32,31,35,31,62,31,62,31,63,31,62,31,62,31,32,31,3
32,31,32,31,3
\
\
\
\
\
\
32,31,48,31,62,31,63,31,62,31,56,31,32,31,3
32,31,48,31,62,31,63,31,62,31,56,31,32,31,3
32,31,32,31,3
\
\
\
\
\
32,31,39,31,62,31,62,31,62,31,41,31,32,31,3
32,31,39,31,62,31,62,31,62,31,41,31,32,31,3
32,31,32,31,3
\
\
32,31,32,31,3
32,31,32,31,3
\
\
32,31,34,31,62,31,62,31,62,31,32,31,3
32,31,34,31,62,31,62,31,62,31,62,31,32,31,3
32,31,62,31,32,31,3
32,31,32,31,3
\
\
\
32,31,40,31,62,31,63,31,62,31,63,31,32,31,3
32,31,40,31,62,31,63,31,62,31,63,31,58,31,32,31,3
32,31,58,31,32,31,3
32,31,32,31,3
\
\
32,31,34,31,52,31,63,31,62,31,32,31,3
32,31,34,31,52,31,63,31,62,31,62,31,62,31,37,31,32,31,3
32,31,62,31,62,31,37,31,32,31,3
32,31,32,31,3
\
\
\
\
32,31,34,31,51,31,62,31,62,31,32,31,3
32,31,34,31,51,31,62,31,62,31,62,31,63,31,45,31,32,31,3
32,31,62,31,63,31,45,31,32,31,3
32,31,32,31,3
\
\
\
\
\
\
\
32,31,52,31,63,31,62,31,62,31,62,31,40,31,32,31,3
32,31,52,31,63,31,62,31,62,31,62,31,40,31,32,31,3
32,31,32,31,3
\
\
\
\
\
\
\
\
32,31,54,31,63,31,62,31,32,31,3
32,31,54,31,63,31,62,31,62,31,58,31,32,31,3
32,31,62,31,58,31,32,31,3
32,31,32,31,3
\
\
\
\
\
32,31,33,31,32,31,3
32,31,33,31,54,31,62,31,63,31,62,31,61,31,32,31,3
32,31,54,31,62,31,63,31,62,31,61,31,32,31,3
32,31,32,31,3
\
\
\
32,31,46,31,62,31,62,31,63,31,32,31,3
32,31,46,31,62,31,62,31,63,31,32,31,3
32,31,32,31,3
\
\
32,31,40,31,62,31,63,31,62,31,63,31,32,31,3
32,31,40,31,62,31,63,31,62,31,63,31,62,31,43,31,32,31,3
32,31,62,31,43,31,32,31,3
32,31,32,31,3
\
\
\
32,31,42,31,62,31,62,31,63,31,62,31,47,31,32,31,3
32,31,42,31,62,31,62,31,63,31,62,31,47,31,32,31,3
32,31,32,31,3
\
\
\
\
\
32,31,42,31,63,31,62,31,62,31,32,31,3
32,31,42,31,63,31,62,31,62,31,32,31,3
32,31,32,31,3
\
\
\
\
\
32,31,35,31,62,31,63,31,62,31,62,31,32,31,3
32,31,35,31,62,31,63,31,62,31,62,31,32,31,3
32,31,32,31,3
\
\
\
\
\
\
32,31,39,31,62,31,32,31,3
32,31,39,31,62,31,62,31,62,31,42,31,32,31,3
32,31,62,31,62,31,42,31,32,31,3
32,31,32,31,3
\
\
\
32,31,55,31,32,31,3
32,31,55,31,63,31,62,31,62,31,62,31,51,31,32,31,3
32,31,63,31,62,31,62,31,62,31,51,31,32,31,3
32,31,32,31,3
\
\
\
\
\
32,31,33,31,62,31,62,31,32,31,3
32,31,33,31,62,31,62,31,63,31,63,31,62,31,38,31,32,31,3
32,31,63,31,63,31,62,31,38,31,32,31,3
32,31,32,31,3
\
\
\
\
\
\
32,31,48,31,62,31,62,31,62,31,62,31,37,31,32,31,3
32,31,48,31,62,31,62,31,62,31,62,31,37,31,32,31,3
32,31,32,31,3
\
\
\
\
\
\
32,31,42,31,32,31,3
32,31,42,31,55,31,62,31,62,31,62,31,63,31,63,31,32,31,3
32,31,55,31,62,31,62,31,62,31,63,31,63,31,62,31,61,31,33,31,32,31,3
32,31,62,31,61,31,33,31,32,31,3
32,31,32,31,3
\
\
\
32,31,33,31,38,31,58,31,32,31,3
32,31,33,31,38,31,58,31,63,31,62,31,63,31,62,31,62,31,49,31,32,31,3
32,31,63,31,62,31,63,31,62,31,62,31,49,31,32,31,3
32,31,32,31,3
\
\
\
\
\
32,31,33,31,52,31,62,31,32,31,3
32,31,33,31,52,31,62,31,62,31,62,31,63,31,62,31,32,31,3
32,31,62,31,62,31,63,31,62,31,32,31,3
32,31,32,31,3
\
\
\
\
32,31,39,31,54,31,63,31,62,31,62,31,32,31,3
32,31,39,31,54,31,63,31,62,31,62,31,62,31,63,31,32,31,3
32,31,62,31,63,31,32,31,3
32,31,32,31,3
\
\
\
\
\
32,31,36,31,63,31,62,31,63,31,32,31,3
32,31,36,31,63,31,62,31,63,31,32,31,3
32,31,32,31,3
\
\
\
\
\
\
32,31,62,31,62,31,62,31,32,31,3
32,31,62,31,62,31,62,31,32,31,3
32,31,32,31,3
\
\
\
\
32,31,37,31,63,31,62,31,63,31,62,31,32,31,3
32,31,37,31,63,31,62,31,63,31,62,31,32,31,3
32,31,32,31,3
\
\
\
\
\
\
32,31,37,31,62,31,32,31,3
32,31,37,31,62,31,62,31,63,31,62,31,32,31,3
32,31,62,31,63,31,62,31,32,31,3
32,31,32,31,3
\
\
\
\
\
\
32,31,33,31,56,31,62,31,62,31,32,31,3
32,31,33,31,56,31,62,31,62,31,62,31,63,31,41,31,32,31,3
32,31,62,31,63,31,41,31,32,31,3
32,31,32,31,3
\
\
\
\
32,31,43,31,62,31,62,31,63,31,32,31,3
32,31,43,31,62,31,62,31,63,31,63,31,62,31,32,31,3
32,31,63,31,62,31,32,31,3
32,31,32,31,3
\
\
\
\
\
\
\
\
32,31,42,31,62,31,62,31,32,31,3
32,31,42,31,62,31,62,31,62,31,63,31,62,31,51,31,32,31,3
32,31,62,31,63,31,62,31,51,31,32,31,3
32,31,32,31,3
\
\
\
\
\
\
\
32,31,37,31,62,31,62,31,62,31,63,31,32,31,3
32,31,37,31,62,31,62,31,62,31,63,31,39,31,32,31,3
32,31,39,31,32,31,3
32,31,32,31,3
\
\
\
\
\
\
\
\
32,31,49,31,63,31,32,31,3
32,31,49,31,63,31,62,31,63,31,62,31,62,31,63,31,37,31,32,31,3
32,31,62,31,63,31,62,31,62,31,63,31,37,31,32,31,3
32,31,32,31,3
\
\
\
\
\
\
\
32,31,44,31,62,31,32,31,3
32,31,44,31,62,31,63,31,44,31,32,31,3
32,31,63,31,44,31,32,31,3
32,31,32,31,3
\
\
\
\
\
\
\
\
\
\
\
32,31,41,31,62,31,62,31,63,31,62,31,32,31,3
32,31,41,31,62,31,62,31,63,31,62,31,63,31,53,31,32,31,3
32,31,63,31,53,31,32,31,3
32,31,32,31,3
\
\
\
\
\
\
\
\
\
32,31,45,31,32,31,3
32,31,45,31,62,31,62,31,62,31,63,31,62,31,37,31,32,31,3
32,31,62,31,62,31,62,31,63,31,62,31,37,31,32,31,3
32,31,32,31,3
\
\
\
\
\
\
\
\
\
\
32,31,46,31,63,31,62,31,63,31,62,31,42,31,32,31,3
32,31,46,31,63,31,62,31,63,31,62,31,42,31,32,31,3
32,31,32,31,3
\
\
\
\
\
32,31,38,31,62,31,62,31,32,31,3
32,31,38,31,62,31,62,31,63,31,62,31,46,31,32,31,3
32,31,63,31,62,31,46,31,32,31,3
32,31,32,31,3
\
\
\
\
\
\
32,31,36,31,63,31,62,31,62,31,62,31,43,31,32,31,3
32,31,36,31,63,31,62,31,62,31,62,31,43,31,32,31,3
32,31,32,31,3
\
\
\
\
\
\
32,31,40,31,62,31,63,31,32,31,3
32,31,40,31,62,31,63,31,62,31,62,31,45,31,32,31,3
32,31,62,31,62,31,45,31,32,31,3
32,31,32,31,3
\
\
\
\
\
\
\
\
\
32,31,38,31,60,31,63,31,63,31,63,31,41,31,32,31,3
32,31,38,31,60,31,63,31,63,31,63,31,41,31,32,31,3
32,31,32,31,3
\
\
\
\
\
32,31,51,31,32,31,3
32,31,51,31,62,31,62,31,62,31,62,31,33,31,32,31,3
32,31,62,31,62,31,62,31,62,31,33,31,32,31,3
32,31,32,31,3
\
\
\
32,31,41,31,56,31,62,31,63,31,62,31,62,31,32,31,3
32,31,41,31,56,31,62,31,63,31,62,31,62,31,62,31,62,31,63,31,62,31,62,31,62,31,32,31,3
32,31,62,31,62,31,63,31,62,31,62,31,62,31,46,31,32,31,3
32,31,46,31,32,31,3
32,31,32,31,3
\
\
\
\
\
\
\
32,31,42,31,51,31,62,31,62,31,62,31,32,31,3
32,31,42,31,51,31,62,31,62,31,62,31,62,31,62,31,63,31,62,31,62,31,63,31,32,31,3
32,31,62,31,62,31,63,31,62,31,62,31,63,31,62,31,63,31,40,31,32,31,3
32,31,62,31,63,31,40,31,32,31,3
32,31,32,31,3
\
\
\
\
\
\
\
32,31,40,31,63,31,62,31,62,31,62,31,32,31,3
32,31,40,31,63,31,62,31,62,31,62,31,62,31,33,31,32,31,3
32,31,62,31,33,31,32,31,3
32,31,32,31,3
\
\
\
\
32,31,61,31,32,31,3
32,31,61,31,62,31,62,31,63,31,32,31,3
32,31,62,31,62,31,63,31,32,31,3
32,31,32,31,3
\
\
\
\
\
32,31,37,31,56,31,32,31,3
32,31,37,31,56,31,62,31,63,31,63,31,62,31,43,31,32,31,3
32,31,62,31,63,31,63,31,62,31,43,31,32,31,3
32,31,32,31,3
\
\
\
32,31,37,31,62,31,62,31,32,31,3
32,31,37,31,62,31,62,31,62,31,63,31,36,31,32,31,3
32,31,62,31,63,31,36,31,32,31,3
32,31,32,31,3
\
\
\
\
32,31,36,31,32,31,3
32,31,36,31,62,31,62,31,62,31,62,31,63,31,52,31,32,31,3
32,31,62,31,62,31,62,31,62,31,63,31,52,31,34,31,32,31,3
32,31,34,31,32,31,3
32,31,32,31,3
\
\
\
\
32,31,37,31,62,31,62,31,62,31,63,31,32,31,3
32,31,37,31,62,31,62,31,62,31,63,31,49,31,32,31,3
32,31,49,31,32,31,3
32,31,32,31,3
\
\
\
32,31,33,31,50,31,63,31,62,31,32,31,3
32,31,33,31,50,31,63,31,62,31,63,31,62,31,32,31,3
32,31,63,31,62,31,32,31,3
32,31,32,31,3
\
\
\
\
32,31,45,31,63,31,32,31,3
32,31,45,31,63,31,62,31,62,31,62,31,63,31,33,31,32,31,3
32,31,62,31,62,31,62,31,63,31,33,31,32,31,3
32,31,32,31,3
\
\
\
\
\
32,31,62,31,62,31,62,31,32,31,3
32,31,62,31,62,31,62,31,35,31,32,31,3
32,31,35,31,32,31,3
32,31,32,31,3
\
\
32,31,34,31,62,31,63,31,62,31,32,31,3
32,31,34,31,62,31,63,31,62,31,62,31,61,31,32,31,3
32,31,62,31,61,31,32,31,3
32,31,32,31,3
\
\
\
\
32,31,35,31,32,31,3
32,31,35,31,49,31,62,31,62,31,62,31,62,31,62,31,32,31,3
32,31,49,31,62,31,62,31,62,31,62,31,62,31,62,31,62,31,49,31,33,31,32,31,3
32,31,62,31,62,31,49,31,33,31,32,31,3
32,31,32,31,3
\
\
\
\
\
\
32,31,48,31,62,31,62,31,62,31,62,31,32,31,3
32,31,48,31,62,31,62,31,62,31,62,31,63,31,62,31,62,31,32,31,3
32,31,63,31,62,31,62,31,32,31,3
32,31,32,31,3
\
\
\
\
\
\
\
32,31,35,31,55,31,32,31,3
32,31,35,31,55,31,62,31,63,31,62,31,62,31,32,31,3
32,31,62,31,63,31,62,31,62,31,32,31,3
32,31,32,31,3
\
\
\
\
\
\
\
32,31,35,31,51,31,62,31,62,31,32,31,3
32,31,35,31,51,31,62,31,62,31,62,31,62,31,63,31,62,31,63,31,62,31,32,31,3
32,31,62,31,62,31,63,31,62,31,63,31,62,31,44,31,32,31,3
32,31,44,31,32,31,3
32,31,32,31,3
\
\
\
\
32,31,35,31,48,31,62,31,32,31,3
32,31,35,31,48,31,62,31,62,31,62,31,62,31,62,31,48,31,32,31,3
32,31,62,31,62,31,62,31,62,31,48,31,32,31,3
32,31,32,31,3
\
\
\
\
\
32,31,37,31,49,31,63,31,63,31,32,31,3
32,31,37,31,49,31,63,31,63,31,62,31,62,31,62,31,53,31,32,31,3
32,31,62,31,62,31,62,31,53,31,32,31,3
32,31,32,31,3
\
\
\
\
\
32,31,40,31,61,31,62,31,62,31,32,31,3
32,31,40,31,61,31,62,31,62,31,62,31,62,31,63,31,62,31,32,31,3
32,31,62,31,62,31,63,31,62,31,32,31,3
32,31,32,31,3
\
\
\
\
\
\
\
32,31,41,31,62,31,62,31,32,31,3
32,31,41,31,62,31,62,31,62,31,62,31,62,31,63,31,59,31,33,31,32,31,3
32,31,62,31,62,31,62,31,63,31,59,31,33,31,32,31,3
32,31,32,31,3
\
\
\
\
\
\
\
\
32,31,33,31,36,31,44,31,54,31,32,31,3
32,31,33,31,36,31,44,31,54,31,63,31,62,31,62,31,62,31,62,31,63,31,32,31,3
32,31,63,31,62,31,62,31,62,31,62,31,63,31,63,31,62,31,62,31,62,31,52,31,49,31,32,31,3
32,31,63,31,62,31,62,31,62,31,52,31,49,31,37,31,32,31,3
32,31,37,31,32,31,3
32,31,32,31,3
\
\
\
\
\
\
32,31,38,31,62,31,62,31,62,31,32,31,3
32,31,38,31,62,31,62,31,62,31,63,31,62,31,62,31,63,31,38,31,32,31,3
32,31,63,31,62,31,62,31,63,31,38,31,32,31,3
32,31,32,31,3
\
\
\
\
\
\
\
\
\
32,31,41,31,58,31,62,31,62,31,32,31,3
32,31,41,31,58,31,62,31,62,31,62,31,63,31,62,31,63,31,56,31,33,31,32,31,3
32,31,62,31,63,31,62,31,63,31,56,31,33,31,32,31,3
32,31,32,31,3
\
32,31,32,31,3
\
32,31,32,31,3
\
32,31,36,31,45,31,62,31,63,31,62,31,32,31,3
32,31,36,31,45,31,62,31,63,31,62,31,62,31,63,31,62,31,62,31,62,31,41,31,32,31,3
32,31,62,31,63,31,62,31,62,31,62,31,41,31,32,31,3
32,31,32,31,3
\
\
\
\
32,31,43,31,62,31,62,31,62,31,63,31,32,31,3
32,31,43,31,62,31,62,31,62,31,63,31,62,31,63,31,32,31,3
32,31,62,31,63,31,32,31,3
32,31,32,31,3
\
\
\
\
\
32,31,41,31,58,31,63,31,62,31,62,31,32,31,3
32,31,41,31,58,31,63,31,62,31,62,31,62,31,62,31,62,31,52,31,32,31,3
32,31,62,31,62,31,62,31,52,31,32,31,3
32,31,32,31,3
\
\
\
\
32,31,36,31,42,31,52,31,32,31,3
32,31,36,31,42,31,52,31,62,31,63,31,62,31,63,31,62,31,60,31,32,31,3
32,31,62,31,63,31,62,31,63,31,62,31,60,31,32,31,3
32,31,32,31,3
\
\
\
\
\
\
\
32,31,37,31,48,31,62,31,32,31,3
32,31,37,31,48,31,62,31,62,31,62,31,62,31,62,31,63,31,44,31,32,31,3
32,31,62,31,62,31,62,31,62,31,63,31,44,31,32,31,3
32,31,32,31,3
\
\
\
\
\
\
\
\
\
\
32,31,42,31,62,31,62,31,32,31,3
32,31,42,31,62,31,62,31,62,31,62,31,63,31,49,31,32,31,3
32,31,62,31,62,31,63,31,49,31,32,31,3
32,31,32,31,3
\
\
\
\
\
\
\
\
\
32,31,42,31,57,31,62,31,62,31,63,31,32,31,3
32,31,42,31,57,31,62,31,62,31,63,31,62,31,54,31,32,31,3
32,31,62,31,54,31,32,31,3
32,31,32,31,3
\
\
\
\
\
\
\
\
\
\
32,31,36,31,45,31,32,31,3
32,31,36,31,45,31,60,31,63,31,63,31,62,31,62,31,63,31,32,31,3
32,31,60,31,63,31,63,31,62,31,62,31,63,31,62,31,62,31,62,31,62,31,60,31,59,31,32,31,3
32,31,62,31,62,31,62,31,62,31,60,31,59,31,41,31,32,31,3
32,31,41,31,32,31,3
32,31,32,31,3
\
\
\
\
\
\
\
\
\
\
32,31,33,31,39,31,46,31,32,31,3
32,31,33,31,39,31,46,31,57,31,63,31,62,31,62,31,62,31,62,31,32,31,3
32,31,57,31,63,31,62,31,62,31,62,31,62,31,63,31,62,31,62,31,62,31,62,31,63,31,32,31,3
32,31,63,31,62,31,62,31,62,31,62,31,63,31,62,31,63,31,61,31,43,31,32,31,3
32,31,62,31,63,31,61,31,43,31,32,31,3
32,31,32,31,3
\
\
\
\
\
\
\
\
\
\
32,31,38,31,32,31,3
32,31,38,31,45,31,56,31,62,31,62,31,62,31,63,31,32,31,3
32,31,45,31,56,31,62,31,62,31,62,31,63,31,62,31,62,31,62,31,62,31,62,31,63,31,32,31,3
32,31,62,31,62,31,62,31,62,31,62,31,63,31,63,31,62,31,61,31,43,31,32,31,3
32,31,63,31,62,31,61,31,43,31,32,31,3
32,31,32,31,3
\
\
\
\
\
\
\
\
\
\
\
\
32,31,36,31,32,31,3
32,31,36,31,57,31,63,31,63,31,62,31,62,31,62,31,32,31,3
32,31,57,31,63,31,63,31,62,31,62,31,62,31,62,31,63,31,63,31,63,31,62,31,54,31,32,31,3
32,31,62,31,63,31,63,31,63,31,62,31,54,31,35,31,32,31,3
32,31,35,31,32,31,3
32,31,32,31,3
\
\
\
\
\
\
\
\
\
\
32,31,34,31,61,31,62,31,62,31,62,31,63,31,32,31,3
32,31,34,31,61,31,62,31,62,31,62,31,63,31,63,31,54,31,32,31,3
32,31,63,31,54,31,32,31,3
32,31,32,31,3
\
\
\
\
\
\
\
\
32,31,37,31,32,31,3
32,31,37,31,56,31,62,31,62,31,62,31,62,31,62,31,32,31,3
32,31,56,31,62,31,62,31,62,31,62,31,62,31,53,31,32,31,3
32,31,53,31,32,31,3
32,31,32,31,3
\
\
\
\
\
\
\
32,31,39,31,53,31,62,31,32,31,3
32,31,39,31,53,31,62,31,62,31,62,31,62,31,62,31,62,31,63,31,32,31,3
32,31,62,31,62,31,62,31,62,31,62,31,63,31,41,31,32,31,3
32,31,41,31,32,31,3
32,31,32,31,3
\
\
\
\
\
\
\
\
\
32,31,44,31,63,31,32,31,3
32,31,44,31,63,31,63,31,62,31,62,31,63,30,63,30,55,31,32,31,3
32,31,63,31,62,31,62,31,63,30,63,30,55,31,33,31,32,31,3
32,31,33,31,32,31,3
32,31,32,31,3
\
\
\
\
\
\
\
\
\
32,31,40,31,56,31,32,31,3
32,31,40,31,56,31,62,31,62,31,63,29,63,29,63,27,62,31,32,31,3
32,31,62,31,62,31,63,29,63,29,63,27,62,31,32,31,3
32,31,32,31,3
\
\
\
\
\
\
\
\
\
32,31,33,31,49,31,63,31,63,31,32,31,3
32,31,33,31,49,31,63,31,63,31,63,31,62,31,62,31,62,31,62,31,37,31,32,31,3
32,31,63,31,62,31,62,31,62,31,62,31,37,31,32,31,3
32,31,32,31,3
\
\
\
\
\
\
\
\
32,31,42,31,62,31,62,31,32,31,3
32,31,42,31,62,31,62,31,63,31,62,31,63,30,62,30,62,31,62,31,32,31,3
32,31,63,31,62,31,63,30,62,30,62,31,62,31,54,31,33,31,32,31,3
32,31,54,31,33,31,32,31,3
32,31,32,31,3
\
\
\
\
\
32,31,35,31,51,31,62,31,62,31,62,31,32,31,3
32,31,35,31,51,31,62,31,62,31,62,31,63,31,62,31,62,31,50,31,32,31,3
32,31,63,31,62,31,62,31,50,31,32,31,3
32,31,32,31,3
\
\
\
\
\
\
\
\
\
\
\
\
32,31,62,31,63,31,63,31,49,31,32,31,3
32,31,62,31,63,31,63,31,49,31,32,31,3
32,31,32,31,3
\
\
\
\
\
\
\
\
\
\
\
32,31,33,31,57,31,32,31,3
32,31,33,31,57,31,62,31,62,31,63,31,63,31,39,31,32,31,3
32,31,62,31,62,31,63,31,63,31,39,31,32,31,3
32,31,32,31,3
\
\
\
\
\
\
\
\
\
\
32,31,44,31,32,31,3
32,31,44,31,62,31,63,31,62,31,62,31,45,31,32,31,3
32,31,62,31,63,31,62,31,62,31,45,31,32,31,3
32,31,32,31,3
\
\
\
\
\
\
\
\
32,31,46,31,62,31,62,31,62,31,32,31,3
32,31,46,31,62,31,62,31,62,31,32,31,3
32,31,32,31,3
\
\
\
\
\
\
32,31,40,31,62,31,62,31,62,31,32,31,3
32,31,40,31,62,31,62,31,62,31,62,31,32,31,3
32,31,62,31,32,31,3
32,31,32,31,3
\
\
\
\
\
\
\
32,31,37,31,61,31,62,31,63,31,62,31,32,31,3
32,31,37,31,61,31,62,31,63,31,62,31,32,31,3
32,31,32,31,3
\
\
\
\
\
\
\
\
\
32,31,41,31,32,31,3
32,31,41,31,62,31,62,31,62,31,62,31,62,31,63,31,32,31,3
32,31,62,31,62,31,62,31,62,31,62,31,63,31,52,31,32,31,3
32,31,52,31,32,31,3
32,31,32,31,3
\
\
\
\
\
\
\
\
32,31,35,31,61,31,62,31,62,31,63,31,32,31,3
32,31,35,31,61,31,62,31,62,31,63,31,32,31,3
32,31,32,31,3
\
\
\
\
\
\
\
\
32,31,40,31,62,31,62,31,62,31,63,31,32,31,3
32,31,40,31,62,31,62,31,62,31,63,31,32,31,3
32,31,32,31,3
\
\
\
\
\
32,31,39,31,53,31,62,31,63,31,62,31,62,31,32,31,3
32,31,39,31,53,31,62,31,63,31,62,31,62,31,32,31,3
32,31,32,31,3
\
\
\
\
\
\
\
32,31,45,31,62,31,62,31,62,31,62,31,32,31,3
32,31,45,31,62,31,62,31,62,31,62,31,46,31,32,31,3
32,31,46,31,32,31,3
32,31,32,31,3
\
\
\
\
\
\
\
\
32,31,38,31,63,31,62,31,63,31,32,31,3
32,31,38,31,63,31,62,31,63,31,62,31,32,31,3
32,31,62,31,32,31,3
32,31,32,31,3
\
\
\
\
\
\
\
32,31,37,31,54,31,62,31,62,31,62,31,62,31,32,31,3
32,31,37,31,54,31,62,31,62,31,62,31,62,31,32,31,3
32,31,32,31,3
\
\
\
\
\
\
32,31,42,31,62,31,62,31,63,31,62,31,37,31,32,31,3
32,31,42,31,62,31,62,31,63,31,62,31,37,31,32,31,3
32,31,32,31,3
\
\
\
\
\
\
\
\
\
32,31,42,31,62,31,63,31,63,31,63,31,62,31,32,31,3
32,31,42,31,62,31,63,31,63,31,63,31,62,31,32,31,3
32,31,32,31,3
\
\
\
\
\
\
\
\
32,31,62,31,62,31,63,31,62,31,32,31,3
32,31,62,31,62,31,63,31,62,31,32,31,3
32,31,32,31,3
\
\
\
\
\
\
\
32,31,56,31,63,31,62,31,32,31,3
32,31,56,31,63,31,62,31,62,31,32,31,3
32,31,62,31,32,31,3
32,31,32,31,3
\
\
\
\
\
32,31,42,31,32,31,3
32,31,42,31,62,31,62,31,63,31,63,31,62,31,62,31,32,31,3
32,31,62,31,62,31,63,31,63,31,62,31,62,31,37,31,32,31,3
32,31,37,31,32,31,3
32,31,32,31,3
\
\
\
\
\
\
32,31,48,31,63,31,62,31,62,31,38,31,32,31,3
32,31,48,31,63,31,62,31,62,31,38,31,32,31,3
32,31,32,31,3
\
\
\
\
\
\
\
\
32,31,33,31,32,31,3
32,31,33,31,44,31,62,31,62,31,62,31,55,31,32,31,3
32,31,44,31,62,31,62,31,62,31,55,31,32,31,3
32,31,32,31,3
\
\
\
\
\
\
\
\
32,31,41,31,62,31,32,31,3
32,31,41,31,62,31,62,31,62,31,32,31,3
32,31,62,31,62,31,32,31,3
32,31,32,31,3
\
\
\
\
\
\
32,31,43,31,63,31,62,31,62,31,32,31,3
32,31,43,31,63,31,62,31,62,31,32,31,3
32,31,32,31,3
\
\
\
\
32,31,54,31,62,31,62,31,32,31,3
32,31,54,31,62,31,62,31,44,31,32,31,3
32,31,44,31,32,31,3
32,31,32,31,3
\
\
\
32,31,33,31,51,31,62,31,62,31,62,31,48,31,32,31,3
32,31,33,31,51,31,62,31,62,31,62,31,48,31,32,31,3
32,31,32,31,3
\
\
\
\
\
\
\
\
\
\
\
32,31,34,31,55,31,32,31,3
32,31,34,31,55,31,63,31,62,31,62,31,39,31,32,31,3
32,31,63,31,62,31,62,31,39,31,32,31,3
32,31,32,31,3
\
\
\
\
\
\
32,31,62,31,62,31,62,31,37,31,32,31,3
32,31,62,31,62,31,62,31,37,31,32,31,3
32,31,32,31,3
\
\
\
\
32,31,36,31,59,31,62,31,62,31,32,31,3
32,31,36,31,59,31,62,31,62,31,62,31,43,31,32,31,3
32,31,62,31,43,31,32,31,3
32,31,32,31,3
\
\
\
\
32,31,42,31,59,31,62,31,32,31,3
32,31,42,31,59,31,62,31,63,31,63,31,62,31,32,31,3
32,31,63,31,63,31,62,31,32,31,3
32,31,32,31,3
\
\
\
\
\
\
\
\
32,31,38,31,63,31,62,31,62,31,32,31,3
32,31,38,31,63,31,62,31,62,31,61,31,32,31,3
32,31,61,31,32,31,3
32,31,32,31,3
\
\
\
\
\
\
\
32,31,38,31,54,31,63,31,62,31,32,31,3
32,31,38,31,54,31,63,31,62,31,62,31,62,31,32,31,3
32,31,62,31,62,31,32,31,3
32,31,32,31,3
\
\
\
\
32,31,62,31,32,31,3
32,31,62,31,62,31,62,31,32,31,3
32,31,62,31,62,31,32,31,3
32,31,32,31,3
\
\
\
\
32,31,39,31,32,31,3
32,31,39,31,62,31,62,31,62,31,32,31,3
32,31,62,31,62,31,62,31,32,31,3
32,31,32,31,3
\
\
\
\
\
\
\
32,31,62,31,63,31,62,31,32,31,3
32,31,62,31,63,31,62,31,63,31,59,31,32,31,3
32,31,63,31,59,31,32,31,3
32,31,32,31,3
\
\
\
\
\
\
\
\
32,31,34,31,44,31,63,31,62,31,62,31,62,31,32,31,3
32,31,34,31,44,31,63,31,62,31,62,31,62,31,62,31,37,31,32,31,3
32,31,62,31,37,31,32,31,3
32,31,32,31,3
\
\
\
\
32,31,34,31,32,31,3
32,31,34,31,57,31,62,31,63,31,63,31,62,31,57,31,32,31,3
32,31,57,31,62,31,63,31,63,31,62,31,57,31,32,31,3
32,31,32,31,3
\
\
\
\
\
\
\
\
\
32,31,62,31,32,31,3
32,31,62,31,63,31,62,31,62,31,32,31,3
32,31,63,31,62,31,62,31,32,31,3
32,31,32,31,3
\
\
\
\
\
