32,31,53,31,37,31,32,31,5
32,31,32,27,32,31,5
32,31,26,31,32,31,5
32,31,32,33,32,31,5
32,31,27,31,32,31,5
32,31,32,12,32,9,37,30,32,31,5
32,31,30,31,32,31,5
32,31,32,51,32,31,5
32,31,49,31,36,31,32,31,5
32,31,26,31,30,31,32,31,5
32,31,32,36,32,31,5
32,31,32,34,32,31,5
32,31,33,31,36,31,48,31,39,31,32,31,5
32,31,32,30,32,20,32,31,5
32,31,22,31,25,31,32,31,5
32,31,48,31,32,31,5
32,31,31,31,30,31,30,31,32,31,5
32,31,32,10,32,31,5
32,31,32,32,32,36,32,31,5
32,31,42,31,43,31,43,31,32,31,5
32,31,32,31,5
32,31,32,29,32,31,5
32,31,32,51,32,31,5
32,31,37,31,33,31,32,31,5
32,31,31,31,32,31,5
32,31,40,30,40,31,32,31,5
32,31,42,31,42,31,32,31,5
32,31,32,30,32,25,32,31,5
32,31,40,31,32,31,5
32,31,32,25,32,1,32,28,32,31,5
32,31,32,17,32,31,5
32,31,30,31,21,31,32,31,5
32,31,36,31,38,31,34,31,32,31,5
32,31,25,31,23,31,32,31,5
32,31,32,31,5
32,31,33,37,33,33,32,31,5
32,31,32,25,32,28,32,31,5
32,31,30,31,21,31,20,31,32,31,5
32,31,40,31,43,31,44,31,32,31,5
32,31,35,31,38,31,45,31,32,31,5
32,31,42,31,32,31,5
32,31,33,31,32,31,5
32,31,34,31,49,31,48,31,32,31,5
32,31,32,11,32,9,32,31,5
32,31,37,31,43,31,32,31,5
32,31,40,31,62,31,32,31,5
32,31,31,31,27,31,32,31,5
32,31,32,25,32,31,5
32,31,29,31,2,31,5
32,31,32,31,5
32,31,33,31,33,31,32,31,5
32,31,32,24,32,24,32,25,32,31,5
32,31,32,32,32,31,5
32,31,31,31,32,31,5
32,31,33,31,52,31,32,31,5
32,31,32,32,32,31,5
32,31,24,31,32,31,5
32,31,32,34,32,36,32,31,5
32,31,36,31,47,31,44,31,32,31,5
32,31,32,42,32,31,5
32,31,32,30,32,21,32,31,5
32,31,31,31,32,31,5
32,31,36,31,39,31,32,31,5
32,31,41,31,62,31,32,31,5
32,31,30,31,26,31,24,31,32,31,5
32,31,32,28,32,31,5
32,31,30,31,29,31,32,31,5
32,31,28,31,32,31,5
32,31,32,30,40,31,52,31,39,31,32,31,5
32,31,32,36,32,31,5
32,31,27,31,33,31,39,31,32,31,5
32,31,36,31,39,31,32,31,5
32,31,32,31,5
32,31,41,31,32,31,5
32,31,21,31,20,29,32,22,32,31,5
32,31,31,31,32,31,5
32,31,29,31,30,31,32,31,5
32,31,29,31,30,31,32,31,5
32,31,30,31,7,31,21,3,32,27,32,31,5
32,31,32,28,44,30,47,31,32,31,5
32,31,30,31,25,31,32,31,5
32,31,42,31,54,31,33,31,32,45,32,32,32,31,5
32,31,34,31,46,31,32,31,5
32,31,32,43,32,39,32,27,32,29,32,31,5
32,31,7,31,18,31,32,31,5
32,31,33,31,46,31,34,31,32,31,5
