32,31,62,31,62,31,63,31,62,31,57,31,32,31,3
32,31,62,31,62,31,62,31,62,31,62,31,32,31,3
32,31,62,31,62,31,63,31,55,31,32,31,3
32,31,38,31,62,31,63,31,62,31,32,31,3
32,31,61,31,63,31,62,31,42,31,32,31,3
32,31,61,31,62,31,62,31,63,31,32,31,3
32,31,35,31,43,31,63,31,63,31,62,31,62,31,32,31,3
32,31,62,31,62,31,62,31,62,31,62,31,45,31,32,31,3
32,31,36,31,39,31,58,31,63,31,62,31,62,31,63,31,32,31,3
32,31,35,31,62,31,63,31,62,31,32,31,3
32,31,43,31,63,31,63,31,63,31,63,31,42,31,32,31,3
32,31,62,31,62,31,62,31,62,31,47,31,32,31,3
32,31,54,31,63,31,63,31,63,31,33,31,32,31,3
32,31,37,31,62,31,63,31,62,31,62,31,48,31,32,31,3
32,31,35,31,62,31,62,31,62,31,62,31,32,31,3
32,31,34,31,63,31,62,31,62,31,63,31,32,31,3
32,31,46,31,62,31,63,31,62,31,55,31,32,31,3
32,31,50,31,62,31,62,31,62,31,62,31,32,31,3
32,31,46,31,62,31,62,31,62,31,62,31,51,31,32,31,3
32,31,39,31,62,31,63,31,62,31,62,31,56,31,41,31,32,31,3
32,31,38,31,62,31,62,31,62,31,63,31,62,31,32,31,
32,31,62,31,62,31,62,31,62,31,63,31,62,31,34,31,32,31,3
32,31,52,31,62,31,62,31,62,31,62,31,32,31,3
32,31,49,31,62,31,62,31,63,31,32,31,3
32,31,49,31,62,31,62,31,62,31,32,31,3
32,31,62,31,62,31,62,31,62,31,35,31,33,31,32,31,3
32,31,59,31,62,31,63,31,62,31,32,31,3
32,31,45,31,62,31,62,31,62,31,62,31,62,31,34,31,32,31,3
32,31,46,31,62,31,63,31,62,31,41,31,35,31,32,31,3
32,31,42,31,63,31,62,31,62,31,62,31,35,31,32,31,3
32,31,35,31,49,31,63,31,62,31,62,31,62,31,63,31,61,31,32,31,3
32,31,39,31,62,31,63,31,63,31,32,31,3
32,31,44,31,62,31,63,31,62,31,62,31,62,31,36,31,32,31,3
32,31,62,31,62,31,62,31,62,31,40,31,32,31,3
32,31,39,31,62,31,62,31,62,31,63,31,32,31,3
32,31,35,31,62,31,62,31,62,31,62,31,32,31,3
32,31,48,31,62,31,62,31,62,31,63,31,32,31,3
32,31,47,31,61,31,62,31,62,31,62,31,46,31,34,31,33,31,32,31,3
32,31,49,31,63,31,62,31,62,31,40,31,32,31,3
32,31,40,31,62,31,62,31,32,31,3
32,31,63,31,62,31,42,31,32,31,3
32,31,62,31,62,30,62,31,32,31,3
32,31,35,31,62,34,63,34,52,31,32,31,3
32,31,62,31,63,31,62,31,32,31,3
32,31,62,31,63,31,62,31,40,31,32,31,3
32,31,45,31,62,31,62,31,62,31,62,31,62,31,61,31,47,31,32,31,3
32,31,37,31,46,31,58,31,62,31,62,31,62,31,63,31,61,31,43,31,32,31,3
32,31,39,31,54,31,62,31,62,31,62,31,62,31,62,31,62,31,62,31,32,31,3
32,31,62,31,62,31,62,31,62,31,32,31,3
32,31,62,31,63,31,62,31,32,31,3
32,31,55,31,62,31,63,31,44,31,32,31,3
32,31,51,31,62,31,63,31,62,31,39,31,32,31,3
32,31,35,31,62,31,63,31,62,31,62,31,62,31,32,31,3
32,31,62,31,62,31,62,31,62,31,48,31,32,31,3
32,31,33,31,53,31,63,31,62,31,62,31,63,31,44,31,32,31,3
32,31,39,31,63,31,62,31,62,31,62,31,63,31,40,31,32,31,3
32,31,41,31,62,31,62,31,63,31,62,31,39,31,32,31,3
32,31,45,31,62,31,62,31,62,31,62,31,62,31,62,31,51,31,39,31,36,31,32,31,3
32,31,58,31,62,31,63,31,63,31,62,31,62,31,46,31,36,31,32,31,3
32,31,43,31,62,31,62,31,63,31,62,31,62,31,62,31,49,31,32,31,3
32,31,40,31,63,31,62,31,63,31,62,31,62,31,55,31,35,31,32,31,3
32,31,36,31,62,31,62,31,62,31,62,31,62,31,61,31,35,31,32,31,3
32,31,60,31,63,31,63,31,62,31,62,31,58,31,32,31,3
32,31,60,31,62,31,62,31,62,31,62,31,62,31,62,31,46,31,32,31,3
32,31,33,31,59,31,63,31,62,31,63,31,62,31,62,31,32,31,3
32,31,38,31,62,31,62,31,63,31,62,31,54,31,44,31,32,31,3
32,31,38,31,62,31,62,31,62,31,62,31,62,31,44,31,32,31,3
32,31,39,31,62,31,63,31,62,31,63,31,63,31,32,31,3
32,31,52,31,62,31,63,31,62,31,63,31,59,31,47,31,32,31,3
32,31,45,31,62,31,63,31,62,31,62,31,52,31,37,31,32,31,3
32,31,39,31,62,31,62,31,63,31,62,31,38,31,32,31,3
32,31,46,31,62,31,62,31,62,31,63,31,60,31,32,31,3
32,31,43,31,62,31,62,31,62,31,62,31,52,31,37,31,32,31,3
32,31,62,31,63,31,62,31,62,31,62,31,36,31,32,31,3
32,31,62,31,62,31,62,31,42,31,32,31,3
32,31,54,31,62,31,62,31,62,31,32,31,3
32,31,36,31,62,31,62,31,62,31,32,31,3
32,31,41,31,62,31,63,31,62,31,62,31,62,31,61,31,32,31,3
32,31,41,31,62,31,62,31,62,31,62,31,62,31,32,31,3
32,31,62,31,62,31,62,31,50,31,32,31,3
32,31,63,31,62,31,62,31,62,31,32,31,3
32,31,45,31,62,31,63,31,62,31,62,31,62,31,44,31,32,31,3
32,31,36,31,63,31,62,31,62,31,62,31,62,31,43,31,32,31,3
32,31,37,31,48,31,62,31,63,31,63,31,62,31,47,31,35,31,32,31,3
32,31,62,31,62,30,62,30,63,31,56,31,32,31,3
32,31,51,31,63,31,63,31,63,31,62,31,47,31,32,31,3
32,31,62,31,62,31,62,31,62,31,53,31,42,31,34,31,32,31,3
32,31,35,31,58,31,62,31,63,31,62,31,63,31,47,31,32,31,3
32,31,62,31,62,31,63,31,62,31,62,31,49,31,40,31,33,31,32,31,3
32,31,36,31,62,31,62,31,62,31,62,31,42,31,34,31,32,31,3
32,31,34,31,62,31,62,31,62,31,63,31,62,31,40,31,32,31,3
32,31,57,31,62,31,62,31,62,31,62,31,63,31,32,31,3
32,31,44,31,63,31,63,31,62,31,63,31,62,31,45,31,32,31,3
32,31,37,31,62,31,62,31,62,31,62,31,62,31,63,31,33,31,32,31,3
32,31,46,31,62,31,62,31,62,31,63,31,38,31,32,31,3
32,31,33,31,49,31,63,31,62,31,62,31,62,31,62,31,53,31,39,31,32,31,3
32,31,49,31,63,31,62,31,62,31,63,31,62,31,32,31,3
32,31,35,31,62,31,62,31,62,31,62,31,62,31,55,31,36,31,32,31,3
32,31,45,31,62,31,62,31,63,31,62,31,63,31,49,31,32,31,3
32,31,51,31,62,31,62,31,62,31,62,31,62,31,62,31,32,31,3
32,31,39,31,62,31,62,31,62,31,63,31,62,31,58,31,50,31,32,31,3
32,31,52,31,62,31,62,31,62,31,63,31,62,31,62,31,58,31,41,31,32,31,3
32,31,47,31,62,31,62,31,62,31,62,31,62,31,62,31,35,31,32,31,3
32,31,33,31,55,31,62,31,63,31,62,31,32,31,3
32,31,36,31,62,31,62,31,62,31,62,31,32,31,3
32,31,35,31,62,31,62,31,63,31,62,31,62,31,37,31,32,31,3
32,31,39,31,62,31,62,31,62,31,62,31,44,31,32,31,3
32,31,62,31,63,31,63,31,63,31,62,31,41,31,32,31,3
32,31,33,31,62,31,62,31,63,31,62,31,62,31,42,31,32,31,3