32,31,32,29,32,0,32,0,32,0,32,31,2
32,31,32,0,32,0,32,0,32,0,32,31,2
32,31,32,0,32,0,32,0,32,31,2
32,31,32,0,32,0,32,0,32,0,32,31,2
32,31,32,30,32,0,32,0,32,0,32,0,32,31,2
32,31,32,0,32,0,32,0,32,0,32,0,32,31,2
32,31,32,0,32,0,32,0,32,0,32,0,32,14,32,30,32,31,2
32,31,32,0,32,0,32,0,32,0,32,31,2
32,31,32,10,32,0,32,0,32,0,32,0,32,31,2
32,31,32,1,32,0,32,0,32,0,32,19,32,31,2
32,31,32,16,32,0,32,0,32,0,32,0,32,6,32,31,2
32,31,32,0,32,0,32,0,32,0,32,0,32,26,32,31,2
32,31,32,19,32,0,32,0,32,0,32,0,32,31,2
32,31,32,0,32,0,32,0,32,0,32,31,2
32,31,32,11,32,0,32,0,32,0,32,0,32,31,2
32,31,32,0,32,0,32,0,32,0,32,0,32,31,2
32,31,32,0,32,0,32,0,32,0,32,0,32,0,32,31,2
32,31,32,0,32,0,32,0,32,31,2
32,31,32,0,32,0,32,0,32,31,2
32,31,32,0,32,0,32,0,32,0,32,0,32,31,2
32,31,32,0,32,0,32,0,32,0,32,0,32,31,2
32,31,32,21,32,0,32,0,32,0,32,0,32,31,2
32,31,32,0,32,0,32,0,32,0,32,0,32,4,32,31,2
32,31,32,19,32,0,32,0,32,0,32,0,32,31,2
32,31,32,0,32,0,32,0,32,0,32,14,32,31,2
32,31,32,0,32,0,32,0,32,0,32,0,32,0,32,14,32,31,2
32,31,32,2,32,0,32,0,32,0,32,0,32,0,32,31,2
32,31,32,0,32,0,32,0,32,0,32,0,32,0,32,31,2
32,31,32,0,32,0,32,0,32,29,32,31,2
32,31,32,0,32,0,32,0,32,0,32,31,2
32,31,32,0,32,0,32,0,32,0,32,0,32,0,32,31,2
32,31,32,0,32,0,32,31,2
32,31,32,0,32,0,32,0,32,21,32,31,2
32,31,32,0,32,0,32,0,32,0,32,0,32,0,32,0,32,31,2
32,31,32,18,32,18,32,0,32,0,32,0,32,0,32,0,32,0,32,0,32,0,32,31,2
32,31,32,22,32,0,32,0,32,0,32,0,32,0,32,0,32,0,32,31,2
32,31,32,0,32,0,32,0,32,0,32,31,2
32,31,32,30,32,6,32,0,32,0,32,0,32,0,32,31,2
32,31,32,21,32,9,32,0,32,0,32,0,32,0,32,27,32,31,2
32,31,32,0,32,0,32,0,32,0,32,0,32,31,2
32,31,32,5,32,0,32,0,32,0,32,0,32,0,32,18,32,20,32,31,2
32,31,32,0,32,0,32,0,32,0,32,0,32,0,32,31,2
32,31,32,0,32,0,32,0,32,31,2
32,31,32,13,32,0,32,0,32,0,32,0,32,24,32,31,2
32,31,32,0,32,0,32,0,32,0,32,0,32,24,32,29,32,31,2
32,31,32,0,32,0,32,0,32,0,32,0,32,31,2
32,31,32,17,32,6,32,0,32,0,32,0,32,0,32,18,32,30,32,31,2
32,31,32,0,32,0,32,0,32,0,32,0,32,0,32,0,32,0,32,0,32,0,32,31,2
32,31,32,6,32,0,32,0,32,0,32,0,32,31,2
32,31,32,19,32,0,32,0,32,0,32,0,32,18,32,18,32,31,2
32,31,32,0,32,0,32,0,32,0,32,0,32,31,2
32,31,32,0,32,0,32,0,32,0,32,0,32,31,2
32,31,32,9,32,0,32,0,32,0,32,0,32,31,2
32,31,32,0,32,0,32,0,32,0,32,0,32,31,2
32,31,32,0,32,0,32,0,32,0,32,0,32,0,32,31,2
32,31,32,4,32,0,32,0,32,0,32,0,32,0,32,4,32,5,32,31,2
32,31,32,9,32,0,32,0,32,0,32,0,32,0,32,0,32,2,32,23,32,31,2
32,31,32,0,32,0,32,0,32,0,32,0,32,0,32,31,2
32,31,32,0,32,0,32,0,32,0,32,0,32,31,2
32,31,32,30,32,0,32,0,32,0,32,0,32,0,32,21,32,31,2
32,31,32,7,32,0,32,0,32,0,32,0,32,18,32,31,2
32,31,32,0,32,0,32,0,32,0,32,0,32,0,32,31,2
32,31,32,0,32,0,32,0,32,0,32,0,32,0,32,31,2
32,31,32,0,32,0,32,0,32,0,32,31,2
32,31,32,1,32,0,32,0,32,0,32,0,32,0,32,31,2
32,31,32,3,32,0,32,0,32,0,32,0,32,31,2
32,31,32,30,32,0,32,0,32,0,32,0,32,0,32,0,32,31,2
32,31,32,20,32,0,32,0,32,0,32,0,32,0,32,31,2
32,31,32,30,32,0,32,0,32,0,32,0,32,0,32,31,2
32,31,32,0,32,0,32,0,32,0,32,0,32,0,32,14,32,31,2
32,31,32,0,32,0,32,0,32,0,32,0,32,31,2
32,31,32,0,32,0,32,0,32,0,32,0,32,15,32,16,32,31,2
32,31,32,6,32,0,32,0,32,0,32,0,32,0,32,0,32,31,2
32,31,32,4,32,0,32,0,32,0,32,0,32,0,32,21,32,23,32,31,2
32,31,32,0,32,0,32,0,32,0,32,0,32,0,32,21,32,31,2
32,31,32,19,32,0,32,0,32,0,32,0,32,0,32,0,32,0,32,31,2
32,31,32,0,32,0,32,0,32,0,32,0,32,25,32,31,2
32,31,32,0,32,0,35,0,35,0,36,0,35,0,32,8,32,31,2
32,31,32,7,32,0,32,0,32,0,32,0,32,0,32,24,32,31,2
32,31,32,0,32,0,32,0,32,0,32,0,32,0,32,20,32,31,2
32,31,32,6,32,0,32,0,32,0,32,0,32,31,2
32,31,32,21,32,0,32,0,32,0,32,0,32,0,32,0,32,8,32,15,32,31,2
32,31,32,30,32,20,32,0,32,0,32,0,32,0,32,0,32,31,2
32,31,32,0,32,0,32,0,32,0,32,0,32,0,32,31,2
32,31,32,19,32,0,32,0,32,0,32,0,32,0,32,0,32,2,32,20,32,31,2
32,31,32,0,32,0,32,0,32,0,32,31,2
32,31,32,4,32,0,32,0,32,0,32,0,32,0,32,0,32,19,32,31,2
32,31,32,29,32,0,32,0,32,0,32,0,32,0,32,26,32,31,2
32,31,32,20,32,0,32,0,32,0,32,0,32,0,32,0,32,14,32,31,2
32,31,32,4,32,0,32,0,32,0,32,0,32,0,32,0,32,0,32,0,32,31,2
32,31,32,0,32,0,32,0,32,0,32,0,32,0,32,31,2
32,31,32,29,32,0,32,0,33,0,33,0,32,0,32,31,2
32,31,32,20,32,0,32,0,32,0,32,0,32,0,32,0,33,0,32,31,2
32,31,32,19,32,0,32,0,32,0,32,0,32,0,32,0,32,11,32,31,2
32,31,32,0,32,0,32,0,32,0,32,0,32,0,32,13,32,31,2
32,31,32,17,32,0,32,0,32,0,32,0,32,0,32,8,32,25,32,31,2
32,31,32,29,32,0,32,0,32,0,32,0,32,0,32,0,32,26,32,31,2
32,31,32,3,32,0,32,0,32,0,32,0,32,0,32,0,32,0,32,31,2
32,31,32,0,32,0,32,0,32,0,32,0,32,0,32,8,32,31,2
32,31,32,4,32,0,32,0,32,0,32,0,32,0,32,28,32,28,32,31,2